x1,x2,x3,x4,x5,x6,x7,x8,x9,x10,x11,x12,x13,x14,x15,x16,x17,x18,x19,x20,x21,x22,x23,x24,x25,x26,x27,x28,x29,x30,x31,x32,x33,x34,x35,x36,x37,x38,x39,x40,x41,x42,x43,x44,x45,x46,x47,x48,x49,x50,x51,x52,x53,x54,x55,x56,x57,x58,x59,x60,x61,x62,x63,x64,x65,x66,x67,x68,x69,x70,x71,x72,x73,x74,x75,x76,x77,x78,x79,x80,x81,x82,x83,x84,x85,x86,x87,x88,x89,x90,x91,x92,x93,x94,x95,x96,x97,x98,x99,x100,x101,x102,x103,x104,x105,x106,x107,x108,x109,x110,x111,x112,x113,x114,x115,x116,x117,x118,x119,x120,x121,x122,x123,x124,x125,x126,x127,x128,x129,x130,x131,x132,x133,x134,x135,x136,x137,x138,x139,x140,x141,x142,x143,x144,x145,x146,x147,x148,x149,x150,x151,x152,x153,x154,x155,x156,x157,x158,x159,x160,x161,x162,x163,x164,x165,x166,x167,x168,x169,x170,x171,x172,x173,x174,x175,x176,x177,x178,x179,x180,x181,x182,x183,x184,x185,x186,x187,x188,x189,x190,x191,x192,x193,x194,x195,x196,x197,x198,x199,x200,x201,x202,x203,x204,x205,x206,x207,x208,x209,x210,x211,x212,x213,x214,x215,x216,x217,x218,x219,x220,x221,x222,x223,x224,x225,x226,x227,x228,x229,x230,x231,x232,x233,x234,x235,x236,x237,x238,x239,x240,x241,x242,x243,x244,x245,x246,x247,x248,x249,x250,x251,x252,x253,x254,x255,x256,x257,x258,x259,x260,x261,x262,x263,x264,x265,x266,x267,x268,x269,x270,x271,x272,x273,x274,x275,x276,x277,x278,x279,x280,x281,x282,x283,x284,x285,x286,x287,x288,x289,x290,x291,x292,x293,x294,x295,x296,x297,x298,x299,x300,x301,x302,x303,x304,x305,x306,x307,x308,x309,x310,x311,x312,x313,x314,x315,x316,x317,x318,x319,x320,x321,x322,x323,x324,x325,x326,x327,x328,x329,x330,x331,x332,x333,x334,x335,x336,x337,x338,x339,x340,x341,x342,x343,x344,x345,x346,x347,x348,x349,x350,x351,x352,x353,x354,x355,x356,x357,x358,x359,x360,x361,x362,x363,x364,x365,x366,x367,x368,x369,x370,x371,x372,x373,x374,x375,x376,x377,x378,x379,x380,x381,x382,x383,x384,x385,x386,x387,x388,x389,x390,x391,x392,x393,x394,x395,x396,x397,x398,x399,x400,x401,x402,x403,x404,x405,x406,x407,x408,x409,x410,x411,x412,x413,x414,x415,x416,x417,x418,x419,x420,x421,x422,x423,x424,x425,x426,x427,x428,x429,x430,x431,x432,x433,x434,x435,x436,x437,x438,x439,x440,x441,x442,x443,x444,x445,x446,x447,x448,x449,x450,x451,x452,x453,x454,x455,x456,x457,x458,x459,x460,x461,x462,x463,x464,x465,x466,x467,x468,x469,x470,x471,x472,x473,x474,x475,x476,x477,x478,x479,x480,x481,x482,x483,x484,x485,x486,x487,x488,x489,x490,x491,x492,x493,x494,x495,x496,x497,x498,x499,x500,x501,x502,x503,x504,x505,x506,x507,x508,x509,x510,x511,x512,x513,x514,x515,x516,x517,x518,x519,x520,x521,x522,x523,x524,x525,x526,x527,x528,x529,x530,x531,x532,x533,x534,x535,x536,x537,x538,x539,x540,x541,x542,x543,x544,x545,x546,x547,x548,x549,x550,x551,x552,x553,x554,x555,x556,x557,x558,x559,x560,x561,x562,x563,x564,x565,x566,x567,x568,x569,x570,x571,x572,x573,x574,x575,x576,x577,x578,x579,x580,x581,x582,x583,x584,x585,x586,x587,x588,x589,x590,x591,x592,x593,x594,x595,x596,x597,x598,x599,x600,x601,x602,x603,x604,x605,x606,x607,x608,x609,x610,x611,x612,x613,x614,x615,x616,x617,x618,x619,x620,x621,x622,x623,x624,x625,x626,x627,x628,x629,x630,x631,x632,x633,x634,x635,x636,x637,x638,x639,x640,x641,x642,x643,x644,x645,x646,x647,x648,x649,x650,x651,x652,x653,x654,x655,x656,x657,x658,x659,x660,x661,x662,x663,x664,x665,x666,x667,x668,x669,x670,x671,x672,x673,x674,x675,x676,x677,x678,x679,x680,x681,x682,x683,x684,x685,x686,x687,x688,x689,x690,x691,x692,x693,x694,x695,x696,x697,x698,x699,x700,x701,x702,x703,x704,x705,x706,x707,x708,x709,x710,x711,x712,x713,x714,x715,x716,x717,x718,x719,x720,x721,x722,x723,x724,x725,x726,x727,x728,x729,x730,x731,x732,x733,x734,x735,x736,x737,x738,x739,x740,x741,x742,x743,x744,x745,x746,x747,x748,x749,x750,x751,x752,x753,x754,x755,x756,x757,x758,x759,x760,x761,x762,x763,x764,x765,x766,x767,x768,x769,x770,x771,x772,x773,x774,x775,x776,x777,x778,x779,x780,x781,x782,x783,x784,x785,x786,x787,x788,x789,x790,x791,x792,x793,x794,x795,x796,x797,x798,x799,x800,x801,x802,x803,x804,x805,x806,x807,x808,x809,x810,x811,x812,x813,x814,x815,x816,x817,x818,x819,x820,x821,x822,x823,x824,x825,x826,x827,x828,x829,x830,x831,x832,x833,x834,x835,x836,x837,x838,x839,x840,x841,x842,x843,x844,x845,x846,x847,x848,x849,x850,x851,x852,x853,x854,x855,x856,x857,x858,x859,x860,x861,x862,x863,x864,x865,x866,x867,x868,x869,x870,x871,x872,x873,x874,x875,x876,x877,x878,x879,x880,x881,x882,x883,x884,x885,x886,x887,x888,x889,x890,x891,x892,x893,x894,x895,x896,x897,x898,x899,x900,x901,x902,x903,x904,x905,x906,x907,x908,x909,x910,x911,x912,x913,x914,x915,x916,x917,x918,x919,x920,x921,x922,x923,x924,x925,x926,x927,x928,x929,x930,x931,x932,x933,x934,x935,x936,x937,x938,x939,x940,x941,x942,x943,x944,x945,x946,x947,x948,x949,x950,x951,x952,x953,x954,x955,x956,x957,x958,x959,x960,x961,x962,x963,x964,x965,x966,x967,x968,x969,x970,x971,x972,x973,x974,x975,x976,x977,x978,x979,x980,x981,x982,x983,x984,x985,x986,x987,x988,x989,x990,x991,x992,x993,x994,x995,x996,x997,x998,x999,x1000,x1001,x1002,x1003,x1004,x1005,x1006,x1007,x1008,x1009,x1010,x1011,x1012,x1013,x1014,x1015,x1016,x1017,x1018,x1019,x1020,x1021,x1022,x1023,x1024,x1025,x1026,x1027,x1028,x1029,x1030,x1031,x1032,x1033,x1034,x1035,x1036,x1037,x1038,x1039,x1040,x1041,x1042,x1043,x1044,x1045,x1046,x1047,x1048,x1049,x1050,x1051,x1052,x1053,x1054,x1055,x1056,x1057,x1058,x1059,x1060,x1061,x1062,x1063,x1064,x1065,x1066,x1067,x1068,x1069,x1070,x1071,x1072,x1073,x1074,x1075,x1076,x1077,x1078,x1079,x1080,x1081,x1082,x1083,x1084,x1085,x1086,x1087,x1088,x1089,x1090,x1091,x1092,x1093,x1094,x1095,x1096,x1097,x1098,x1099,x1100,x1101,x1102,x1103,x1104,x1105,x1106,x1107,x1108,x1109,x1110,x1111,x1112,x1113,x1114,x1115,x1116,x1117,x1118,x1119,x1120,x1121,x1122,x1123,x1124,x1125,x1126,x1127,x1128,x1129,x1130,x1131,x1132,x1133,x1134,x1135,x1136,x1137,x1138,x1139,x1140,x1141,x1142,x1143,x1144,x1145,x1146,x1147,x1148,x1149,x1150,x1151,x1152,x1153,x1154,x1155,x1156,x1157,x1158,x1159,x1160,x1161,x1162,x1163,x1164,x1165,x1166,x1167,x1168,x1169,x1170,x1171,x1172,x1173,x1174,x1175,x1176,x1177,x1178,x1179,x1180,x1181,x1182,x1183,x1184,x1185,x1186,x1187,x1188,x1189,x1190,x1191,x1192,x1193,x1194,x1195,x1196,x1197,x1198,x1199,x1200,x1201,x1202,x1203,x1204,x1205,x1206,x1207,x1208,x1209,x1210,x1211,x1212,x1213,x1214,x1215,x1216,x1217,x1218,x1219,x1220,x1221,x1222,x1223,x1224,x1225,x1226,x1227,x1228,x1229,x1230,x1231,x1232,x1233,x1234,x1235,x1236,x1237,x1238,x1239,x1240,x1241,x1242,x1243,x1244,x1245,x1246,x1247,x1248,x1249,x1250,x1251,x1252,x1253,x1254,x1255,x1256,x1257,x1258,x1259,x1260,x1261,x1262,x1263,x1264,x1265,x1266,x1267,x1268,x1269,x1270,x1271,x1272,x1273,x1274,x1275,x1276,x1277,x1278,x1279,x1280,x1281,x1282,x1283,x1284,x1285,x1286,x1287,x1288,x1289,x1290,x1291,x1292,x1293,x1294,x1295,x1296,x1297,x1298,x1299,x1300,x1301,x1302,x1303,x1304,x1305,x1306,x1307,x1308,x1309,x1310,x1311,x1312,x1313,x1314,x1315,x1316,x1317,x1318,x1319,x1320,x1321,x1322,x1323,x1324,x1325,x1326,x1327,x1328,x1329,x1330,x1331,x1332,x1333,x1334,x1335,x1336,x1337,x1338,x1339,x1340,x1341,x1342,x1343,x1344,x1345,x1346,x1347,x1348,x1349,x1350,x1351,x1352,x1353,x1354,x1355,x1356,x1357,x1358,x1359,x1360,x1361,x1362,x1363,x1364,x1365,x1366,x1367,x1368,x1369,x1370,x1371,x1372,x1373,x1374,x1375,x1376,x1377,x1378,x1379,x1380,x1381,x1382,x1383,x1384,x1385,x1386,x1387,x1388,x1389,x1390,x1391,x1392,x1393,x1394,x1395,x1396,x1397,x1398,x1399,x1400,x1401,x1402,x1403,x1404,x1405,x1406,x1407,x1408,x1409,x1410,x1411,x1412,x1413,x1414,x1415,x1416,x1417,x1418,x1419,x1420,x1421,x1422,x1423,x1424,x1425,x1426,x1427,x1428,x1429,x1430,x1431,x1432,x1433,x1434,x1435,x1436,x1437,x1438,x1439,x1440,x1441,x1442,x1443,x1444,x1445,x1446,x1447,x1448,x1449,x1450,x1451,x1452,x1453,x1454,x1455,x1456,x1457,x1458,x1459,x1460,x1461,x1462,x1463,x1464,x1465,x1466,x1467,x1468,x1469,x1470,x1471,x1472,x1473,x1474,x1475,x1476,x1477,x1478,x1479,x1480,x1481,x1482,x1483,x1484,x1485,x1486,x1487,x1488,x1489,x1490,x1491,x1492,x1493,x1494,x1495,x1496,x1497,x1498,x1499,x1500,x1501,x1502,x1503,x1504,x1505,x1506,x1507,x1508,x1509,x1510,x1511,x1512,x1513,x1514,x1515,x1516,x1517,x1518,x1519,x1520,x1521,x1522,x1523,x1524,x1525,x1526,x1527,x1528,x1529,x1530,x1531,x1532,x1533,x1534,x1535,x1536,x1537,x1538,x1539,x1540,x1541,x1542,x1543,x1544,x1545,x1546,x1547,x1548,x1549,x1550,x1551,x1552,x1553,x1554,x1555,x1556,x1557,x1558,x1559,x1560,x1561,x1562,x1563,x1564,x1565,x1566,x1567,x1568,x1569,x1570,x1571,x1572,x1573,x1574,x1575,x1576,x1577,x1578,x1579,x1580,x1581,x1582,x1583,x1584,x1585,x1586,x1587,x1588,x1589,x1590,x1591,x1592,x1593,x1594,x1595,x1596,x1597,x1598,x1599,x1600,x1601,x1602,x1603,x1604,x1605,x1606,x1607,x1608,x1609,x1610,x1611,x1612,x1613,x1614,x1615,x1616,x1617,x1618,x1619,x1620,x1621,x1622,x1623,x1624,x1625,x1626,x1627,x1628,x1629,x1630,x1631,x1632,x1633,x1634,x1635,x1636,x1637,x1638,x1639,x1640,x1641,x1642,x1643,x1644,x1645,x1646,x1647,x1648,x1649,x1650,x1651,x1652,x1653,x1654,x1655,x1656,x1657,x1658,x1659,x1660,x1661,x1662,x1663,x1664,x1665,x1666,x1667,x1668,x1669,x1670,x1671,x1672,x1673,x1674,x1675,x1676,x1677,x1678,x1679,x1680,x1681,x1682,x1683,x1684,x1685,x1686,x1687,x1688,x1689,x1690,x1691,x1692,x1693,x1694,x1695,x1696,x1697,x1698,x1699,x1700,x1701,x1702,x1703,x1704,x1705,x1706,x1707,x1708,x1709,x1710,x1711,x1712,x1713,x1714,x1715,x1716,x1717,x1718,x1719,x1720,x1721,x1722,x1723,x1724,x1725,x1726,x1727,x1728,x1729,x1730,x1731,x1732,x1733,x1734,x1735,x1736,x1737,x1738,x1739,x1740,x1741,x1742,x1743,x1744,x1745,x1746,x1747,x1748,x1749,x1750,x1751,x1752,x1753,x1754,x1755,x1756,x1757,x1758,x1759,x1760,x1761,x1762,x1763,x1764,x1765,x1766,x1767,x1768,x1769,x1770,x1771,x1772,x1773,x1774,x1775,x1776,x1777,x1778,x1779,x1780,x1781,x1782,x1783,x1784,x1785,x1786,x1787,x1788,x1789,x1790,x1791,x1792,x1793,x1794,x1795,x1796,x1797,x1798,x1799,x1800,x1801,x1802,x1803,x1804,x1805,x1806,x1807,x1808,x1809,x1810,x1811,x1812,x1813,x1814,x1815,x1816,x1817,x1818,x1819,x1820,x1821,x1822,x1823,x1824,x1825,x1826,x1827,x1828,x1829,x1830,x1831,x1832,x1833,x1834,x1835,x1836,x1837,x1838,x1839,x1840,x1841,x1842,x1843,x1844,x1845,x1846,x1847,x1848,x1849,x1850,x1851,x1852,x1853,x1854,x1855,x1856,x1857,x1858,x1859,x1860,x1861,x1862,x1863,x1864,x1865,x1866,x1867,x1868,x1869,x1870,x1871,x1872,x1873,x1874,x1875,x1876,x1877,x1878,x1879,x1880,x1881,x1882,x1883,x1884,x1885,x1886,x1887,x1888,x1889,x1890,x1891,x1892,x1893,x1894,x1895,x1896,x1897,x1898,x1899,x1900,x1901,x1902,x1903,x1904,x1905,x1906,x1907,x1908,x1909,x1910,x1911,x1912,x1913,x1914,x1915,x1916,x1917,x1918,x1919,x1920,x1921,x1922,x1923,x1924,x1925,x1926,x1927,x1928,x1929,x1930,x1931,x1932,x1933,x1934,x1935,x1936,x1937,x1938,x1939,x1940,x1941,x1942,x1943,x1944,x1945,x1946,x1947,x1948,x1949,x1950,x1951,x1952,x1953,x1954,x1955,x1956,x1957,x1958,x1959,x1960,x1961,x1962,x1963,x1964,x1965,x1966,x1967,x1968,x1969,x1970,x1971,x1972,x1973,x1974,x1975,x1976,x1977,x1978,x1979,x1980,x1981,x1982,x1983,x1984,x1985,x1986,x1987,x1988,x1989,x1990,x1991,x1992,x1993,x1994,x1995,x1996,x1997,x1998,x1999,x2000,x2001,x2002,x2003,x2004,x2005,x2006,x2007,x2008,x2009,x2010,x2011,x2012,x2013,x2014,x2015,x2016,x2017,x2018,x2019,x2020,x2021,x2022,x2023,x2024,x2025,x2026,x2027,x2028,x2029,x2030,x2031,x2032,x2033,x2034,x2035,x2036,x2037,x2038,x2039,x2040,x2041,x2042,x2043,x2044,x2045,x2046,x2047,x2048,x2049,x2050,x2051,x2052,x2053,x2054,x2055,x2056,x2057,x2058,x2059,x2060,x2061,x2062,x2063,x2064,x2065,x2066,x2067,x2068,x2069,x2070,x2071,x2072,x2073,x2074,x2075,x2076,x2077,x2078,x2079,x2080,x2081,x2082,x2083,x2084,x2085,x2086,x2087,x2088,x2089,x2090,x2091,x2092,x2093,x2094,x2095,x2096,x2097,x2098,x2099,x2100,x2101,x2102,x2103,x2104,x2105,x2106,x2107,x2108,x2109,x2110,x2111,x2112,x2113,x2114,x2115,x2116,x2117,x2118,x2119,x2120,x2121,x2122,x2123,x2124,x2125,x2126,x2127,x2128,x2129,x2130,x2131,x2132,x2133,x2134,x2135,x2136,x2137,x2138,x2139,x2140,x2141,x2142,x2143,x2144,x2145,x2146,x2147,x2148,x2149,x2150,x2151,x2152,x2153,x2154,x2155,x2156,x2157,x2158,x2159,x2160,x2161,x2162,x2163,x2164,x2165,x2166,x2167,x2168,x2169,x2170,x2171,x2172,x2173,x2174,x2175,x2176,x2177,x2178,x2179,x2180,x2181,x2182,x2183,x2184,x2185,x2186,x2187,x2188,x2189,x2190,x2191,x2192,x2193,x2194,x2195,x2196,x2197,x2198,x2199,x2200,x2201,x2202,x2203,x2204,x2205,x2206,x2207,x2208,x2209,x2210,x2211,x2212,x2213,x2214,x2215,x2216,x2217,x2218,x2219,x2220,x2221,x2222,x2223,x2224,x2225,x2226,x2227,x2228,x2229,x2230,x2231,x2232,x2233,x2234,x2235,x2236,x2237,x2238,x2239,x2240,x2241,x2242,x2243,x2244,x2245,x2246,x2247,x2248,x2249,x2250,x2251,x2252,x2253,x2254,x2255,x2256,x2257,x2258,x2259,x2260,x2261,x2262,x2263,x2264,x2265,x2266,x2267,x2268,x2269,x2270,x2271,x2272,x2273,x2274,x2275,x2276,x2277,x2278,x2279,x2280,x2281,x2282,x2283,x2284,x2285,x2286,x2287,x2288,x2289,x2290,x2291,x2292,x2293,x2294,x2295,x2296,x2297,x2298,x2299,x2300,x2301,x2302,x2303,x2304,x2305,x2306,x2307,x2308,x2309,x2310,x2311,x2312,x2313,x2314,x2315,x2316,x2317,x2318,x2319,x2320,x2321,x2322,x2323,x2324,x2325,x2326,x2327,x2328,x2329,x2330,x2331,x2332,x2333,x2334,x2335,x2336,x2337,x2338,x2339,x2340,x2341,x2342,x2343,x2344,x2345,x2346,x2347,x2348,x2349,x2350,x2351,x2352,x2353,x2354,x2355,x2356,x2357,x2358,x2359,x2360,x2361,x2362,x2363,x2364,x2365,x2366,x2367,x2368,x2369,x2370,x2371,x2372,x2373,x2374,x2375,x2376,x2377,x2378,x2379,x2380,x2381,x2382,x2383,x2384,x2385,x2386,x2387,x2388,x2389,x2390,x2391,x2392,x2393,x2394,x2395,x2396,x2397,x2398,x2399,x2400,x2401,x2402,x2403,x2404,x2405,x2406,x2407,x2408,x2409,x2410,x2411,x2412,x2413,x2414,x2415,x2416,x2417,x2418,x2419,x2420,x2421,x2422,x2423,x2424,x2425,x2426,x2427,x2428,x2429,x2430,x2431,x2432,x2433,x2434,x2435,x2436,x2437,x2438,x2439,x2440,x2441,x2442,x2443,x2444,x2445,x2446,x2447,x2448,x2449,x2450,x2451,x2452,x2453,x2454,x2455,x2456,x2457,x2458,x2459,x2460,x2461,x2462,x2463,x2464,x2465,x2466,x2467,x2468,x2469,x2470,x2471,x2472,x2473,x2474,x2475,x2476,x2477,x2478,x2479,x2480,x2481,x2482,x2483,x2484,x2485,x2486,x2487,x2488,x2489,x2490,x2491,x2492,x2493,x2494,x2495,x2496,x2497,x2498,x2499,x2500,x2501,x2502,x2503,x2504,x2505,x2506,x2507,x2508,x2509,x2510,x2511,x2512,x2513,x2514,x2515,x2516,x2517,x2518,x2519,x2520,x2521,x2522,x2523,x2524,x2525,x2526,x2527,x2528,x2529,x2530,x2531,x2532,x2533,x2534,x2535,x2536,x2537,x2538,x2539,x2540,x2541,x2542,x2543,x2544,x2545,x2546,x2547,x2548,x2549,x2550,x2551,x2552,x2553,x2554,x2555,x2556,x2557,x2558,x2559,x2560,x2561,x2562,x2563,x2564,x2565,x2566,x2567,x2568,x2569,x2570,x2571,x2572,x2573,x2574,x2575,x2576,x2577,x2578,x2579,x2580,x2581,x2582,x2583,x2584,x2585,x2586,x2587,x2588,x2589,x2590,x2591,x2592,x2593,x2594,x2595,x2596,x2597,x2598,x2599,x2600,x2601,x2602,x2603,x2604,x2605,x2606,x2607,x2608,x2609,x2610,x2611,x2612,x2613,x2614,x2615,x2616,x2617,x2618,x2619,x2620,x2621,x2622,x2623,x2624,x2625,x2626,x2627,x2628,x2629,x2630,x2631,x2632,x2633,x2634,x2635,x2636,x2637,x2638,x2639,x2640,x2641,x2642,x2643,x2644,x2645,x2646,x2647,x2648,x2649,x2650,x2651,x2652,x2653,x2654,x2655,x2656,x2657,x2658,x2659,x2660,x2661,x2662,x2663,x2664,x2665,x2666,x2667,x2668,x2669,x2670,x2671,x2672,x2673,x2674,x2675,x2676,x2677,x2678,x2679,x2680,x2681,x2682,x2683,x2684,x2685,x2686,x2687,x2688,x2689,x2690,x2691,x2692,x2693,x2694,x2695,x2696,x2697,x2698,x2699,x2700,x2701,x2702,x2703,x2704,x2705,x2706,x2707,x2708,x2709,x2710,x2711,x2712,x2713,x2714,x2715,x2716,x2717,x2718,x2719,x2720,x2721,x2722,x2723,x2724,x2725,x2726,x2727,x2728,x2729,x2730,x2731,x2732,x2733,x2734,x2735,x2736,x2737,x2738,x2739,x2740,x2741,x2742,x2743,x2744,x2745,x2746,x2747,x2748,x2749,x2750,x2751,x2752,x2753,x2754,x2755,x2756,x2757,x2758,x2759,x2760,x2761,x2762,x2763,x2764,x2765,x2766,x2767,x2768,x2769,x2770,x2771,x2772,x2773,x2774,x2775,x2776,x2777,x2778,x2779,x2780,x2781,x2782,x2783,x2784,x2785,x2786,x2787,x2788,x2789,x2790,x2791,x2792,x2793,x2794,x2795,x2796,x2797,x2798,x2799,x2800,x2801,x2802,x2803,x2804,x2805,x2806,x2807,x2808,x2809,x2810,x2811,x2812,x2813,x2814,x2815,x2816,x2817,x2818,x2819,x2820,x2821,x2822,x2823,x2824,x2825,x2826,x2827,x2828,x2829,x2830,x2831,x2832,x2833,x2834,x2835,x2836,x2837,x2838,x2839,x2840,x2841,x2842,x2843,x2844,x2845,x2846,x2847,x2848,x2849,x2850,x2851,x2852,x2853,x2854,x2855,x2856,x2857,x2858,x2859,x2860,x2861,x2862,x2863,x2864,x2865,x2866,x2867,x2868,x2869,x2870,x2871,x2872,x2873,x2874,x2875,x2876,x2877,x2878,x2879,x2880,x2881,x2882,x2883,x2884,x2885,x2886,x2887,x2888,x2889,x2890,x2891,x2892,x2893,x2894,x2895,x2896,x2897,x2898,x2899,x2900,x2901,x2902,x2903,x2904,x2905,x2906,x2907,x2908,x2909,x2910,x2911,x2912,x2913,x2914,x2915,x2916,x2917,x2918,x2919,x2920,x2921,x2922,x2923,x2924,x2925,x2926,x2927,x2928,x2929,x2930,x2931,x2932,x2933,x2934,x2935,x2936,x2937,x2938,x2939,x2940,x2941,x2942,x2943,x2944,x2945,x2946,x2947,x2948,x2949,x2950,x2951,x2952,x2953,x2954,x2955,x2956,x2957,x2958,x2959,x2960,x2961,x2962,x2963,x2964,x2965,x2966,x2967,x2968,x2969,x2970,x2971,x2972,x2973,x2974,x2975,x2976,x2977,x2978,x2979,x2980,x2981,x2982,x2983,x2984,x2985,x2986,x2987,x2988,x2989,x2990,x2991,x2992,x2993,x2994,x2995,x2996,x2997,x2998,x2999,x3000,x3001,x3002,x3003,x3004,x3005,x3006,x3007,x3008,x3009,x3010,x3011,x3012,x3013,x3014,x3015,x3016,x3017,x3018,x3019,x3020,x3021,x3022,x3023,x3024,x3025,x3026,x3027,x3028,x3029,x3030,x3031,x3032,x3033,x3034,x3035,x3036,x3037,x3038,x3039,x3040,x3041,x3042,x3043,x3044,x3045,x3046,x3047,x3048,x3049,x3050,x3051,x3052,x3053,x3054,x3055,x3056,x3057,x3058,x3059,x3060,x3061,x3062,x3063,x3064,x3065,x3066,x3067,x3068,x3069,x3070,x3071,x3072,x3073,x3074,x3075,x3076,x3077,x3078,x3079,x3080,x3081,x3082,x3083,x3084,x3085,x3086,x3087,x3088,x3089,x3090,x3091,x3092,x3093,x3094,x3095,x3096,x3097,x3098,x3099,x3100,x3101,x3102,x3103,x3104,x3105,x3106,x3107,x3108,x3109,x3110,x3111,x3112,x3113,x3114,x3115,x3116,x3117,x3118,x3119,x3120,x3121,x3122,x3123,x3124,x3125,x3126,x3127,x3128,x3129,x3130,x3131,x3132,x3133,x3134,x3135,x3136,x3137,x3138,x3139,x3140,x3141,x3142,x3143,x3144,x3145,x3146,x3147,x3148,x3149,x3150,x3151,x3152,x3153,x3154,x3155,x3156,x3157,x3158,x3159,x3160,x3161,x3162,x3163,x3164,x3165,x3166,x3167,x3168,x3169,x3170,x3171,x3172,x3173,x3174,x3175,x3176,x3177,x3178,x3179,x3180,x3181,x3182,x3183,x3184,x3185,x3186,x3187,x3188,x3189,x3190,x3191,x3192,x3193,x3194,x3195,x3196,x3197,x3198,x3199,x3200,x3201,x3202,x3203,x3204,x3205,x3206,x3207,x3208,x3209,x3210,x3211,x3212,x3213,x3214,x3215,x3216,x3217,x3218,x3219,x3220,x3221,x3222,x3223,x3224,x3225,x3226,x3227,x3228,x3229,x3230,x3231,x3232,x3233,x3234,x3235,x3236,x3237,x3238,x3239,x3240,x3241,x3242,x3243,x3244,x3245,x3246,x3247,x3248,x3249,x3250,x3251,x3252,x3253,x3254,x3255,x3256,x3257,x3258,x3259,x3260,x3261,x3262,x3263,x3264,x3265,x3266,x3267,x3268,x3269,x3270,x3271,x3272,x3273,x3274,x3275,x3276,x3277,x3278,x3279,x3280,x3281,x3282,x3283,x3284,x3285,x3286,x3287,x3288,x3289,x3290,x3291,x3292,x3293,x3294,x3295,x3296,x3297,x3298,x3299,x3300,x3301,x3302,x3303,x3304,x3305,x3306,x3307,x3308,x3309,x3310,x3311,x3312,x3313,x3314,x3315,x3316,x3317,x3318,x3319,x3320,x3321,x3322,x3323,x3324,x3325,x3326,x3327,x3328,x3329,x3330,x3331,x3332,x3333,x3334,x3335,x3336,x3337,x3338,x3339,x3340,x3341,x3342,x3343,x3344,x3345,x3346,x3347,x3348,x3349,x3350,x3351,x3352,x3353,x3354,x3355,x3356,x3357,x3358,x3359,x3360,x3361,x3362,x3363,x3364,x3365,x3366,x3367,x3368,x3369,x3370,x3371,x3372,x3373,x3374,x3375,x3376,x3377,x3378,x3379,x3380,x3381,x3382,x3383,x3384,x3385,x3386,x3387,x3388,x3389,x3390,x3391,x3392,x3393,x3394,x3395,x3396,x3397,x3398,x3399,x3400,x3401,x3402,x3403,x3404,x3405,x3406,x3407,x3408,x3409,x3410,x3411,x3412,x3413,x3414,x3415,x3416,x3417,x3418,x3419,x3420,x3421,x3422,x3423,x3424,x3425,x3426,x3427,x3428,x3429,x3430,x3431,x3432,x3433,x3434,x3435,x3436,x3437,x3438,x3439,x3440,x3441,x3442,x3443,x3444,x3445,x3446,x3447,x3448,x3449,x3450,x3451,x3452,x3453,x3454,x3455,x3456,x3457,x3458,x3459,x3460,x3461,x3462,x3463,x3464,x3465,x3466,x3467,x3468,x3469,x3470,x3471,x3472,x3473,x3474,x3475,x3476,x3477,x3478,x3479,x3480,x3481,x3482,x3483,x3484,x3485,x3486,x3487,x3488,x3489,x3490,x3491,x3492,x3493,x3494,x3495,x3496,x3497,x3498,x3499,x3500,x3501,x3502,x3503,x3504,x3505,x3506,x3507,x3508,x3509,x3510,x3511,x3512,x3513,x3514,x3515,x3516,x3517,x3518,x3519,x3520,x3521,x3522,x3523,x3524,x3525,x3526,x3527,x3528,x3529,x3530,x3531,x3532,x3533,x3534,x3535,x3536,x3537,x3538,x3539,x3540,x3541,x3542,x3543,x3544,x3545,x3546,x3547,x3548,x3549,x3550,x3551,x3552,x3553,x3554,x3555,x3556,x3557,x3558,x3559,x3560,x3561,x3562,x3563,x3564,x3565,x3566,x3567,x3568,x3569,x3570,x3571,x3572,x3573,x3574,x3575,x3576,x3577,x3578,x3579,x3580,x3581,x3582,x3583,x3584,x3585,x3586,x3587,x3588,x3589,x3590,x3591,x3592,x3593,x3594,x3595,x3596,x3597,x3598,x3599,x3600,x3601,x3602,x3603,x3604,x3605,x3606,x3607,x3608,x3609,x3610,x3611,x3612,x3613,x3614,x3615,x3616,x3617,x3618,x3619,x3620,x3621,x3622,x3623,x3624,x3625,x3626,x3627,x3628,x3629,x3630,x3631,x3632,x3633,x3634,x3635,x3636,x3637,x3638,x3639,x3640,x3641,x3642,x3643,x3644,x3645,x3646,x3647,x3648,x3649,x3650,x3651,x3652,x3653,x3654,x3655,x3656,x3657,x3658,x3659,x3660,x3661,x3662,x3663,x3664,x3665,x3666,x3667,x3668,x3669,x3670,x3671,x3672,x3673,x3674,x3675,x3676,x3677,x3678,x3679,x3680,x3681,x3682,x3683,x3684,x3685,x3686,x3687,x3688,x3689,x3690,x3691,x3692,x3693,x3694,x3695,x3696,x3697,x3698,x3699,x3700,x3701,x3702,x3703,x3704,x3705,x3706,x3707,x3708,x3709,x3710,x3711,x3712,x3713,x3714,x3715,x3716,x3717,x3718,x3719,x3720,x3721,x3722,x3723,x3724,x3725,x3726,x3727,x3728,x3729,x3730,x3731,x3732,x3733,x3734,x3735,x3736,x3737,x3738,x3739,x3740,x3741,x3742,x3743,x3744,x3745,x3746,x3747,x3748,x3749,x3750,x3751,x3752,x3753,x3754,x3755,x3756,x3757,x3758,x3759,x3760,x3761,x3762,x3763,x3764,x3765,x3766,x3767,x3768,x3769,x3770,x3771,x3772,x3773,x3774,x3775,x3776,x3777,x3778,x3779,x3780,x3781,x3782,x3783,x3784,x3785,x3786,x3787,x3788,x3789,x3790,x3791,x3792,x3793,x3794,x3795,x3796,x3797,x3798,x3799,x3800,x3801,x3802,x3803,x3804,x3805,x3806,x3807,x3808,x3809,x3810,x3811,x3812,x3813,x3814,x3815,x3816,x3817,x3818,x3819,x3820,x3821,x3822,x3823,x3824,x3825,x3826,x3827,x3828,x3829,x3830,x3831,x3832,x3833,x3834,x3835,x3836,x3837,x3838,x3839,x3840,x3841,x3842,x3843,x3844,x3845,x3846,x3847,x3848,x3849,x3850,x3851,x3852,x3853,x3854,x3855,x3856,x3857,x3858,x3859,x3860,x3861,x3862,x3863,x3864,x3865,x3866,x3867,x3868,x3869,x3870,x3871,x3872,x3873,x3874,x3875,x3876,x3877,x3878,x3879,x3880,x3881,x3882,x3883,x3884,x3885,x3886,x3887,x3888,x3889,x3890,x3891,x3892,x3893,x3894,x3895,x3896,x3897,x3898,x3899,x3900,x3901,x3902,x3903,x3904,x3905,x3906,x3907,x3908,x3909,x3910,x3911,x3912,x3913,x3914,x3915,x3916,x3917,x3918,x3919,x3920,x3921,x3922,x3923,x3924,x3925,x3926,x3927,x3928,x3929,x3930,x3931,x3932,x3933,x3934,x3935,x3936,x3937,x3938,x3939,x3940,x3941,x3942,x3943,x3944,x3945,x3946,x3947,x3948,x3949,x3950,x3951,x3952,x3953,x3954,x3955,x3956,x3957,x3958,x3959,x3960,x3961,x3962,x3963,x3964,x3965,x3966,x3967,x3968,x3969,x3970,x3971,x3972,x3973,x3974,x3975,x3976,x3977,x3978,x3979,x3980,x3981,x3982,x3983,x3984,x3985,x3986,x3987,x3988,x3989,x3990,x3991,x3992,x3993,x3994,x3995,x3996,x3997,x3998,x3999,x4000,x4001,x4002,x4003,x4004,x4005,x4006,x4007,x4008,x4009,x4010,x4011,x4012,x4013,x4014,x4015,x4016,x4017,x4018,x4019,x4020,x4021,x4022,x4023,x4024,x4025,x4026,x4027,x4028,x4029,x4030,x4031,x4032,x4033,x4034,x4035,x4036,x4037,x4038,x4039,x4040,x4041,x4042,x4043,x4044,x4045,x4046,x4047,x4048,x4049,x4050,x4051,x4052,x4053,x4054,x4055,x4056,x4057,x4058,x4059,x4060,x4061,x4062,x4063,x4064,x4065,x4066,x4067,x4068,x4069,x4070,x4071,x4072,x4073,x4074,x4075,x4076,x4077,x4078,x4079,x4080,x4081,x4082,x4083,x4084,x4085,x4086,x4087,x4088,x4089,x4090,x4091,x4092,x4093,x4094,x4095,x4096,x4097,x4098,x4099,x4100,x4101,x4102,x4103,x4104,x4105,x4106,x4107,x4108,x4109,x4110,x4111,x4112,x4113,x4114,x4115,x4116,x4117,x4118,x4119,x4120,x4121,x4122,x4123,x4124,x4125,x4126,x4127,x4128,x4129,x4130,x4131,x4132,x4133,x4134,x4135,x4136,x4137,x4138,x4139,x4140,x4141,x4142,x4143,x4144,x4145,x4146,x4147,x4148,x4149,x4150,x4151,x4152,x4153,x4154,x4155,x4156,x4157,x4158,x4159,x4160,x4161,x4162,x4163,x4164,x4165,x4166,x4167,x4168,x4169,x4170,x4171,x4172,x4173,x4174,x4175,x4176,x4177,x4178,x4179,x4180,x4181,x4182,x4183,x4184,x4185,x4186,x4187,x4188,x4189,x4190,x4191,x4192,x4193,x4194,x4195,x4196,x4197,x4198,x4199,x4200,x4201,x4202,x4203,x4204,x4205,x4206,x4207,x4208,x4209,x4210,x4211,x4212,x4213,x4214,x4215,x4216,x4217,x4218,x4219,x4220,x4221,x4222,x4223,x4224,x4225,x4226,x4227,x4228,x4229,x4230,x4231,x4232,x4233,x4234,x4235,x4236,x4237,x4238,x4239,x4240,x4241,x4242,x4243,x4244,x4245,x4246,x4247,x4248,x4249,x4250,x4251,x4252,x4253,x4254,x4255,x4256,x4257,x4258,x4259,x4260,x4261,x4262,x4263,x4264,x4265,x4266,x4267,x4268,x4269,x4270,x4271,x4272,x4273,x4274,x4275,x4276,x4277,x4278,x4279,x4280,x4281,x4282,x4283,x4284,x4285,x4286,x4287,x4288,x4289,x4290,x4291,x4292,x4293,x4294,x4295,x4296,x4297,x4298,x4299,x4300,x4301,x4302,x4303,x4304,x4305,x4306,x4307,x4308,x4309,x4310,x4311,x4312,x4313,x4314,x4315,x4316,x4317,x4318,x4319,x4320,x4321,x4322,x4323,x4324,x4325,x4326,x4327,x4328,x4329,x4330,x4331,x4332,x4333,x4334,x4335,x4336,x4337,x4338,x4339,x4340,x4341,x4342,x4343,x4344,x4345,x4346,x4347,x4348,x4349,x4350,x4351,x4352,x4353,x4354,x4355,x4356,x4357,x4358,x4359,x4360,x4361,x4362,x4363,x4364,x4365,x4366,x4367,x4368,x4369,x4370,x4371,x4372,x4373,x4374,x4375,x4376,x4377,x4378,x4379,x4380,x4381,x4382,x4383,x4384,x4385,x4386,x4387,x4388,x4389,x4390,x4391,x4392,x4393,x4394,x4395,x4396,x4397,x4398,x4399,x4400,x4401,x4402,x4403,x4404,x4405,x4406,x4407,x4408,x4409,x4410,x4411,x4412,x4413,x4414,x4415,x4416,x4417,x4418,x4419,x4420,x4421,x4422,x4423,x4424,x4425,x4426,x4427,x4428,x4429,x4430,x4431,x4432,x4433,x4434,x4435,x4436,x4437,x4438,x4439,x4440,x4441,x4442,x4443,x4444,x4445,x4446,x4447,x4448,x4449,x4450,x4451,x4452,x4453,x4454,x4455,x4456,x4457,x4458,x4459,x4460,x4461,x4462,x4463,x4464,x4465,x4466,x4467,x4468,x4469,x4470,x4471,x4472,x4473,x4474,x4475,x4476,x4477,x4478,x4479,x4480,x4481,x4482,x4483,x4484,x4485,x4486,x4487,x4488,x4489,x4490,x4491,x4492,x4493,x4494,x4495,x4496,x4497,x4498,x4499,x4500,x4501,x4502,x4503,x4504,x4505,x4506,x4507,x4508,x4509,x4510,x4511,x4512,x4513,x4514,x4515,x4516,x4517,x4518,x4519,x4520,x4521,x4522,x4523,x4524,x4525,x4526,x4527,x4528,x4529,x4530,x4531,x4532,x4533,x4534,x4535,x4536,x4537,x4538,x4539,x4540,x4541,x4542,x4543,x4544,x4545,x4546,x4547,x4548,x4549,x4550,x4551,x4552,x4553,x4554,x4555,x4556,x4557,x4558,x4559,x4560,x4561,x4562,x4563,x4564,x4565,x4566,x4567,x4568,x4569,x4570,x4571,x4572,x4573,x4574,x4575,x4576,x4577,x4578,x4579,x4580,x4581,x4582,x4583,x4584,x4585,x4586,x4587,x4588,x4589,x4590,x4591,x4592,x4593,x4594,x4595,x4596,x4597,x4598,x4599,x4600,x4601,x4602,x4603,x4604,x4605,x4606,x4607,x4608,x4609,x4610,x4611,x4612,x4613,x4614,x4615,x4616,x4617,x4618,x4619,x4620,x4621,x4622,x4623,x4624,x4625,x4626,x4627,x4628,x4629,x4630,x4631,x4632,x4633,x4634,x4635,x4636,x4637,x4638,x4639,x4640,x4641,x4642,x4643,x4644,x4645,x4646,x4647,x4648,x4649,x4650,x4651,x4652,x4653,x4654,x4655,x4656,x4657,x4658,x4659,x4660,x4661,x4662,x4663,x4664,x4665,x4666,x4667,x4668,x4669,x4670,x4671,x4672,x4673,x4674,x4675,x4676,x4677,x4678,x4679,x4680,x4681,x4682,x4683,x4684,x4685,x4686,x4687,x4688,x4689,x4690,x4691,x4692,x4693,x4694,x4695,x4696,x4697,x4698,x4699,x4700,x4701,x4702,x4703,x4704,x4705,x4706,x4707,x4708,x4709,x4710,x4711,x4712,x4713,x4714,x4715,x4716,x4717,x4718,x4719,x4720,x4721,x4722,x4723,x4724,x4725,x4726,x4727,x4728,x4729,x4730,x4731,x4732,x4733,x4734,x4735,x4736,x4737,x4738,x4739,x4740,x4741,x4742,x4743,x4744,x4745,x4746,x4747,x4748,x4749,x4750,x4751,x4752,x4753,x4754,x4755,x4756,x4757,x4758,x4759,x4760,x4761,x4762,x4763,x4764,x4765,x4766,x4767,x4768,x4769,x4770,x4771,x4772,x4773,x4774,x4775,x4776,x4777,x4778,x4779,x4780,x4781,x4782,x4783,x4784,x4785,x4786,x4787,x4788,x4789,x4790,x4791,x4792,x4793,x4794,x4795,x4796,x4797,x4798,x4799,x4800,x4801,x4802,x4803,x4804,x4805,x4806,x4807,x4808,x4809,x4810,x4811,x4812,x4813,x4814,x4815,x4816,x4817,x4818,x4819,x4820,x4821,x4822,x4823,x4824,x4825,x4826,x4827,x4828,x4829,x4830,x4831,x4832,x4833,x4834,x4835,x4836,x4837,x4838,x4839,x4840,x4841,x4842,x4843,x4844,x4845,x4846,x4847,x4848,x4849,x4850,x4851,x4852,x4853,x4854,x4855,x4856,x4857,x4858,x4859,x4860,x4861,x4862,x4863,x4864,x4865,x4866,x4867,x4868,x4869,x4870,x4871,x4872,x4873,x4874,x4875,x4876,x4877,x4878,x4879,x4880,x4881,x4882,x4883,x4884,x4885,x4886,x4887,x4888,x4889,x4890,x4891,x4892,x4893,x4894,x4895,x4896,x4897,x4898,x4899,x4900,x4901,x4902,x4903,x4904,x4905,x4906,x4907,x4908,x4909,x4910,x4911,x4912,x4913,x4914,x4915,x4916,x4917,x4918,x4919,x4920,x4921,x4922,x4923,x4924,x4925,x4926,x4927,x4928,x4929,x4930,x4931,x4932,x4933,x4934,x4935,x4936,x4937,x4938,x4939,x4940,x4941,x4942,x4943,x4944,x4945,x4946,x4947,x4948,x4949,x4950,x4951,x4952,x4953,x4954,x4955,x4956,x4957,x4958,x4959,x4960,x4961,x4962,x4963,x4964,x4965,x4966,x4967,x4968,x4969,x4970,x4971,x4972,x4973,x4974,x4975,x4976,x4977,x4978,x4979,x4980,x4981,x4982,x4983,x4984,x4985,x4986,x4987,x4988,x4989,x4990,x4991,x4992,x4993,x4994,x4995,x4996,x4997,x4998,x4999,x5000,x5001,x5002,x5003,x5004,x5005,x5006,x5007,x5008,x5009,x5010,x5011,x5012,x5013,x5014,x5015,x5016,x5017,x5018,x5019,x5020,x5021,x5022,x5023,x5024,x5025,x5026,x5027,x5028,x5029,x5030,x5031,x5032,x5033,x5034,x5035,x5036,x5037,x5038,x5039,x5040,x5041,x5042,x5043,x5044,x5045,x5046,x5047,x5048,x5049,x5050,x5051,x5052,x5053,x5054,x5055,x5056,x5057,x5058,x5059,x5060,x5061,x5062,x5063,x5064,x5065,x5066,x5067,x5068,x5069,x5070,x5071,x5072,x5073,x5074,x5075,x5076,x5077,x5078,x5079,x5080,x5081,x5082,x5083,x5084,x5085,x5086,x5087,x5088,x5089,x5090,x5091,x5092,x5093,x5094,x5095,x5096,x5097,x5098,x5099,x5100,x5101,x5102,x5103,x5104,x5105,x5106,x5107,x5108,x5109,x5110,x5111,x5112,x5113,x5114,x5115,x5116,x5117,x5118,x5119,x5120,x5121,x5122,x5123,x5124,x5125,x5126,x5127,x5128,x5129,x5130,x5131,x5132,x5133,x5134,x5135,x5136,x5137,x5138,x5139,x5140,x5141,x5142,x5143,x5144,x5145,x5146,x5147,x5148,x5149,x5150,x5151,x5152,x5153,x5154,x5155,x5156,x5157,x5158,x5159,x5160,x5161,x5162,x5163,x5164,x5165,x5166,x5167,x5168,x5169,x5170,x5171,x5172,x5173,x5174,x5175,x5176,x5177,x5178,x5179,x5180,x5181,x5182,x5183,x5184,x5185,x5186,x5187,x5188,x5189,x5190,x5191,x5192,x5193,x5194,x5195,x5196,x5197,x5198,x5199,x5200,x5201,x5202,x5203,x5204,x5205,x5206,x5207,x5208,x5209,x5210,x5211,x5212,x5213,x5214,x5215,x5216,x5217,x5218,x5219,x5220,x5221,x5222,x5223,x5224,x5225,x5226,x5227,x5228,x5229,x5230,x5231,x5232,x5233,x5234,x5235,x5236,x5237,x5238,x5239,x5240,x5241,x5242,x5243,x5244,x5245,x5246,x5247,x5248,x5249,x5250,x5251,x5252,x5253,x5254,x5255,x5256,x5257,x5258,x5259,x5260,x5261,x5262,x5263,x5264,x5265,x5266,x5267,x5268,x5269,x5270,x5271,x5272,x5273,x5274,x5275,x5276,x5277,x5278,x5279,x5280,x5281,x5282,x5283,x5284,x5285,x5286,x5287,x5288,x5289,x5290,x5291,x5292,x5293,x5294,x5295,x5296,x5297,x5298,x5299,x5300,x5301,x5302,x5303,x5304,x5305,x5306,x5307,x5308,x5309,x5310,x5311,x5312,x5313,x5314,x5315,x5316,x5317,x5318,x5319,x5320,x5321,x5322,x5323,x5324,x5325,x5326,x5327,x5328,x5329,x5330,x5331,x5332,x5333,x5334,x5335,x5336,x5337,x5338,x5339,x5340,x5341,x5342,x5343,x5344,x5345,x5346,x5347,x5348,x5349,x5350,x5351,x5352,x5353,x5354,x5355,x5356,x5357,x5358,x5359,x5360,x5361,x5362,x5363,x5364,x5365,x5366,x5367,x5368,x5369,x5370,x5371,x5372,x5373,x5374,x5375,x5376,x5377,x5378,x5379,x5380,x5381,x5382,x5383,x5384,x5385,x5386,x5387,x5388,x5389,x5390,x5391,x5392,x5393,x5394,x5395,x5396,x5397,x5398,x5399,x5400,x5401,x5402,x5403,x5404,x5405,x5406,x5407,x5408,x5409,x5410,x5411,x5412,x5413,x5414,x5415,x5416,x5417,x5418,x5419,x5420,x5421,x5422,x5423,x5424,x5425,x5426,x5427,x5428,x5429,x5430,x5431,x5432,x5433,x5434,x5435,x5436,x5437,x5438,x5439,x5440,x5441,x5442,x5443,x5444,x5445,x5446,x5447,x5448,x5449,x5450,x5451,x5452,x5453,x5454,x5455,x5456,x5457,x5458,x5459,x5460,x5461,x5462,x5463,x5464,x5465,x5466,x5467,x5468,x5469,x5470,x5471,x5472,x5473,x5474,x5475,x5476,x5477,x5478,x5479,x5480,x5481,x5482,x5483,x5484,x5485,x5486,x5487,x5488,x5489,x5490,x5491,x5492,x5493,x5494,x5495,x5496,x5497,x5498,x5499,x5500,x5501,x5502,x5503,x5504,x5505,x5506,x5507,x5508,x5509,x5510,x5511,x5512,x5513,x5514,x5515,x5516,x5517,x5518,x5519,x5520,x5521,x5522,x5523,x5524,x5525,x5526,x5527,x5528,x5529,x5530,x5531,x5532,x5533,x5534,x5535,x5536,x5537,x5538,x5539,x5540,x5541,x5542,x5543,x5544,x5545,x5546,x5547,x5548,x5549,x5550,x5551,x5552,x5553,x5554,x5555,x5556,x5557,x5558,x5559,x5560,x5561,x5562,x5563,x5564,x5565,x5566,x5567,x5568,x5569,x5570,x5571,x5572,x5573,x5574,x5575,x5576,x5577,x5578,x5579,x5580,x5581,x5582,x5583,x5584,x5585,x5586,x5587,x5588,x5589,x5590,x5591,x5592,x5593,x5594,x5595,x5596,x5597,x5598,x5599,x5600,x5601,x5602,x5603,x5604,x5605,x5606,x5607,x5608,x5609,x5610,x5611,x5612,x5613,x5614,x5615,x5616,x5617,x5618,x5619,x5620,x5621,x5622,x5623,x5624,x5625,x5626,x5627,x5628,x5629,x5630,x5631,x5632,x5633,x5634,x5635,x5636,x5637,x5638,x5639,x5640,x5641,x5642,x5643,x5644,x5645,x5646,x5647,x5648,x5649,x5650,x5651,x5652,x5653,x5654,x5655,x5656,x5657,x5658,x5659,x5660,x5661,x5662,x5663,x5664,x5665,x5666,x5667,x5668,x5669,x5670,x5671,x5672,x5673,x5674,x5675,x5676,x5677,x5678,x5679,x5680,x5681,x5682,x5683,x5684,x5685,x5686,x5687,x5688,x5689,x5690,x5691,x5692,x5693,x5694,x5695,x5696,x5697,x5698,x5699,x5700,x5701,x5702,x5703,x5704,x5705,x5706,x5707,x5708,x5709,x5710,x5711,x5712,x5713,x5714,x5715,x5716,x5717,x5718,x5719,x5720,x5721,x5722,x5723,x5724,x5725,x5726,x5727,x5728,x5729,x5730,x5731,x5732,x5733,x5734,x5735,x5736,x5737,x5738,x5739,x5740,x5741,x5742,x5743,x5744,x5745,x5746,x5747,x5748,x5749,x5750,x5751,x5752,x5753,x5754,x5755,x5756,x5757,x5758,x5759,x5760,x5761,x5762,x5763,x5764,x5765,x5766,x5767,x5768,x5769,x5770,x5771,x5772,x5773,x5774,x5775,x5776,x5777,x5778,x5779,x5780,x5781,x5782,x5783,x5784,x5785,x5786,x5787,x5788,x5789,x5790,x5791,x5792,x5793,x5794,x5795,x5796,x5797,x5798,x5799,x5800,x5801,x5802,x5803,x5804,x5805,x5806,x5807,x5808,x5809,x5810,x5811,x5812,x5813,x5814,x5815,x5816,x5817,x5818,x5819,x5820,x5821,x5822,x5823,x5824,x5825,x5826,x5827,x5828,x5829,x5830,x5831,x5832,x5833,x5834,x5835,x5836,x5837,x5838,x5839,x5840,x5841,x5842,x5843,x5844,x5845,x5846,x5847,x5848,x5849,x5850,x5851,x5852,x5853,x5854,x5855,x5856,x5857,x5858,x5859,x5860,x5861,x5862,x5863,x5864,x5865,x5866,x5867,x5868,x5869,x5870,x5871,x5872,x5873,x5874,x5875,x5876,x5877,x5878,x5879,x5880,x5881,x5882,x5883,x5884,x5885,x5886,x5887,x5888,x5889,x5890,x5891,x5892,x5893,x5894,x5895,x5896,x5897,x5898,x5899,x5900,x5901,x5902,x5903,x5904,x5905,x5906,x5907,x5908,x5909,x5910,x5911,x5912,x5913,x5914,x5915,x5916,x5917,x5918,x5919,x5920,x5921,x5922,x5923,x5924,x5925,x5926,x5927,x5928,x5929,x5930,x5931,x5932,x5933,x5934,x5935,x5936,x5937,x5938,x5939,x5940,x5941,x5942,x5943,x5944,x5945,x5946,x5947,x5948,x5949,x5950,x5951,x5952,x5953,x5954,x5955,x5956,x5957,x5958,x5959,x5960,x5961,x5962,x5963,x5964,x5965,x5966,x5967,x5968,x5969,x5970,x5971,x5972,x5973,x5974,x5975,x5976,x5977,x5978,x5979,x5980,x5981,x5982,x5983,x5984,x5985,x5986,x5987,x5988,x5989,x5990,x5991,x5992,x5993,x5994,x5995,x5996,x5997,x5998,x5999,x6000,x6001,x6002,x6003,x6004,x6005,x6006,x6007,x6008,x6009,x6010,x6011,x6012,x6013,x6014,x6015,x6016,x6017,x6018,x6019,x6020,x6021,x6022,x6023,x6024,x6025,x6026,x6027,x6028,x6029,x6030,x6031,x6032,x6033,x6034,x6035,x6036,x6037,x6038,x6039,x6040,x6041,x6042,x6043,x6044,x6045,x6046,x6047,x6048,x6049,x6050,x6051,x6052,x6053,x6054,x6055,x6056,x6057,x6058,x6059,x6060,x6061,x6062,x6063,x6064,x6065,x6066,x6067,x6068,x6069,x6070,x6071,x6072,x6073,x6074,x6075,x6076,x6077,x6078,x6079,x6080,x6081,x6082,x6083,x6084,x6085,x6086,x6087,x6088,x6089,x6090,x6091,x6092,x6093,x6094,x6095,x6096,x6097,x6098,x6099,x6100,x6101,x6102,x6103,x6104,x6105,x6106,x6107,x6108,x6109,x6110,x6111,x6112,x6113,x6114,x6115,x6116,x6117,x6118,x6119,x6120,x6121,x6122,x6123,x6124,x6125,x6126,x6127,x6128,x6129,x6130,x6131,x6132,x6133,x6134,x6135,x6136,x6137,x6138,x6139,x6140,x6141,x6142,x6143,x6144,x6145,x6146,x6147,x6148,x6149,x6150,x6151,x6152,x6153,x6154,x6155,x6156,x6157,x6158,x6159,x6160,x6161,x6162,x6163,x6164,x6165,x6166,x6167,x6168,x6169,x6170,x6171,x6172,x6173,x6174,x6175,x6176,x6177,x6178,x6179,x6180,x6181,x6182,x6183,x6184,x6185,x6186,x6187,x6188,x6189,x6190,x6191,x6192,x6193,x6194,x6195,x6196,x6197,x6198,x6199,x6200,x6201,x6202,x6203,x6204,x6205,x6206,x6207,x6208,x6209,x6210,x6211,x6212,x6213,x6214,x6215,x6216,x6217,x6218,x6219,x6220,x6221,x6222,x6223,x6224,x6225,x6226,x6227,x6228,x6229,x6230,x6231,x6232,x6233,x6234,x6235,x6236,x6237,x6238,x6239,x6240,x6241,x6242,x6243,x6244,x6245,x6246,x6247,x6248,x6249,x6250,x6251,x6252,x6253,x6254,x6255,x6256,x6257,x6258,x6259,x6260,x6261,x6262,x6263,x6264,x6265,x6266,x6267,x6268,x6269,x6270,x6271,x6272,x6273,x6274,x6275,x6276,x6277,x6278,x6279,x6280,x6281,x6282,x6283,x6284,x6285,x6286,x6287,x6288,x6289,x6290,x6291,x6292,x6293,x6294,x6295,x6296,x6297,x6298,x6299,x6300,x6301,x6302,x6303,x6304,x6305,x6306,x6307,x6308,x6309,x6310,x6311,x6312,x6313,x6314,x6315,x6316,x6317,x6318,x6319,x6320,x6321,x6322,x6323,x6324,x6325,x6326,x6327,x6328,x6329,x6330,x6331,x6332,x6333,x6334,x6335,x6336,x6337,x6338,x6339,x6340,x6341,x6342,x6343,x6344,x6345,x6346,x6347,x6348,x6349,x6350,x6351,x6352,x6353,x6354,x6355,x6356,x6357,x6358,x6359,x6360,x6361,x6362,x6363,x6364,x6365,x6366,x6367,x6368,x6369,x6370,x6371,x6372,x6373,x6374,x6375,x6376,x6377,x6378,x6379,x6380,x6381,x6382,x6383,x6384,x6385,x6386,x6387,x6388,x6389,x6390,x6391,x6392,x6393,x6394,x6395,x6396,x6397,x6398,x6399,x6400,x6401,x6402,x6403,x6404,x6405,x6406,x6407,x6408,x6409,x6410,x6411,x6412,x6413,x6414,x6415,x6416,x6417,x6418,x6419,x6420,x6421,x6422,x6423,x6424,x6425,x6426,x6427,x6428,x6429,x6430,x6431,x6432,x6433,x6434,x6435,x6436,x6437,x6438,x6439,x6440,x6441,x6442,x6443,x6444,x6445,x6446,x6447,x6448,x6449,x6450,x6451,x6452,x6453,x6454,x6455,x6456,x6457,x6458,x6459,x6460,x6461,x6462,x6463,x6464,x6465,x6466,x6467,x6468,x6469,x6470,x6471,x6472,x6473,x6474,x6475,x6476,x6477,x6478,x6479,x6480,x6481,x6482,x6483,x6484,x6485,x6486,x6487,x6488,x6489,x6490,x6491,x6492,x6493,x6494,x6495,x6496,x6497,x6498,x6499,x6500,x6501,x6502,x6503,x6504,x6505,x6506,x6507,x6508,x6509,x6510,x6511,x6512,x6513,x6514,x6515,x6516,x6517,x6518,x6519,x6520,x6521,x6522,x6523,x6524,x6525,x6526,x6527,x6528,x6529,x6530,x6531,x6532,x6533,x6534,x6535,x6536,x6537,x6538,x6539,x6540,x6541,x6542,x6543,x6544,x6545,x6546,x6547,x6548,x6549,x6550,x6551,x6552,x6553,x6554,x6555,x6556,x6557,x6558,x6559,x6560,x6561,x6562,x6563,x6564,x6565,x6566,x6567,x6568,x6569,x6570,x6571,x6572,x6573,x6574,x6575,x6576,x6577,x6578,x6579,x6580,x6581,x6582,x6583,x6584,x6585,x6586,x6587,x6588,x6589,x6590,x6591,x6592,x6593,x6594,x6595,x6596,x6597,x6598,x6599,x6600,x6601,x6602,x6603,x6604,x6605,x6606,x6607,x6608,x6609,x6610,x6611,x6612,x6613,x6614,x6615,x6616,x6617,x6618,x6619,x6620,x6621,x6622,x6623,x6624,x6625,x6626,x6627,x6628,x6629,x6630,x6631,x6632,x6633,x6634,x6635,x6636,x6637,x6638,x6639,x6640,x6641,x6642,x6643,x6644,x6645,x6646,x6647,x6648,x6649,x6650,x6651,x6652,x6653,x6654,x6655,x6656,x6657,x6658,x6659,x6660,x6661,x6662,x6663,x6664,x6665,x6666,x6667,x6668,x6669,x6670,x6671,x6672,x6673,x6674,x6675,x6676,x6677,x6678,x6679,x6680,x6681,x6682,x6683,x6684,x6685,x6686,x6687,x6688,x6689,x6690,x6691,x6692,x6693,x6694,x6695,x6696,x6697,x6698,x6699,x6700,x6701,x6702,x6703,x6704,x6705,x6706,x6707,x6708,x6709,x6710,x6711,x6712,x6713,x6714,x6715,x6716,x6717,x6718,x6719,x6720,x6721,x6722,x6723,x6724,x6725,x6726,x6727,x6728,x6729,x6730,x6731,x6732,x6733,x6734,x6735,x6736,x6737,x6738,x6739,x6740,x6741,x6742,x6743,x6744,x6745,x6746,x6747,x6748,x6749,x6750,x6751,x6752,x6753,x6754,x6755,x6756,x6757,x6758,x6759,x6760,x6761,x6762,x6763,x6764,x6765,x6766,x6767,x6768,x6769,x6770,x6771,x6772,x6773,x6774,x6775,x6776,x6777,x6778,x6779,x6780,x6781,x6782,x6783,x6784,x6785,x6786,x6787,x6788,x6789,x6790,x6791,x6792,x6793,x6794,x6795,x6796,x6797,x6798,x6799,x6800,x6801,x6802,x6803,x6804,x6805,x6806,x6807,x6808,x6809,x6810,x6811,x6812,x6813,x6814,x6815,x6816,x6817,x6818,x6819,x6820,x6821,x6822,x6823,x6824,x6825,x6826,x6827,x6828,x6829,x6830,x6831,x6832,x6833,x6834,x6835,x6836,x6837,x6838,x6839,x6840,x6841,x6842,x6843,x6844,x6845,x6846,x6847,x6848,x6849,x6850,x6851,x6852,x6853,x6854,x6855,x6856,x6857,x6858,x6859,x6860,x6861,x6862,x6863,x6864,x6865,x6866,x6867,x6868,x6869,x6870,x6871,x6872,x6873,x6874,x6875,x6876,x6877,x6878,x6879,x6880,x6881,x6882,x6883,x6884,x6885,x6886,x6887,x6888,x6889,x6890,x6891,x6892,x6893,x6894,x6895,x6896,x6897,x6898,x6899,x6900,x6901,x6902,x6903,x6904,x6905,x6906,x6907,x6908,x6909,x6910,x6911,x6912,x6913,x6914,x6915,x6916,x6917,x6918,x6919,x6920,x6921,x6922,x6923,x6924,x6925,x6926,x6927,x6928,x6929,x6930,x6931,x6932,x6933,x6934,x6935,x6936,x6937,x6938,x6939,x6940,x6941,x6942,x6943,x6944,x6945,x6946,x6947,x6948,x6949,x6950,x6951,x6952,x6953,x6954,x6955,x6956,x6957,x6958,x6959,x6960,x6961,x6962,x6963,x6964,x6965,x6966,x6967,x6968,x6969,x6970,x6971,x6972,x6973,x6974,x6975,x6976,x6977,x6978,x6979,x6980,x6981,x6982,x6983,x6984,x6985,x6986,x6987,x6988,x6989,x6990,x6991,x6992,x6993,x6994,x6995,x6996,x6997,x6998,x6999,x7000,x7001,x7002,x7003,x7004,x7005,x7006,x7007,x7008,x7009,x7010,x7011,x7012,x7013,x7014,x7015,x7016,x7017,x7018,x7019,x7020,x7021,x7022,x7023,x7024,x7025,x7026,x7027,x7028,x7029,x7030,x7031,x7032,x7033,x7034,x7035,x7036,x7037,x7038,x7039,x7040,x7041,x7042,x7043,x7044,x7045,x7046,x7047,x7048,x7049,x7050,x7051,x7052,x7053,x7054,x7055,x7056,x7057,x7058,x7059,x7060,x7061,x7062,x7063,x7064,x7065,x7066,x7067,x7068,x7069,x7070,x7071,x7072,x7073,x7074,x7075,x7076,x7077,x7078,x7079,x7080,x7081,x7082,x7083,x7084,x7085,x7086,x7087,x7088,x7089,x7090,x7091,x7092,x7093,x7094,x7095,x7096,x7097,x7098,x7099,x7100,x7101,x7102,x7103,x7104,x7105,x7106,x7107,x7108,x7109,x7110,x7111,x7112,x7113,x7114,x7115,x7116,x7117,x7118,x7119,x7120,x7121,x7122,x7123,x7124,x7125,x7126,x7127,x7128,x7129,x7130,x7131,x7132,x7133,x7134,x7135,x7136,x7137,x7138,x7139,x7140,x7141,x7142,x7143,x7144,x7145,x7146,x7147,x7148,x7149,x7150,x7151,x7152,x7153,x7154,x7155,x7156,x7157,x7158,x7159,x7160,x7161,x7162,x7163,x7164,x7165,x7166,x7167,x7168,x7169,x7170,x7171,x7172,x7173,x7174,x7175,x7176,x7177,x7178,x7179,x7180,x7181,x7182,x7183,x7184,x7185,x7186,x7187,x7188,x7189,x7190,x7191,x7192,x7193,x7194,x7195,x7196,x7197,x7198,x7199,x7200,x7201,x7202,x7203,x7204,x7205,x7206,x7207,x7208,x7209,x7210,x7211,x7212,x7213,x7214,x7215,x7216,x7217,x7218,x7219,x7220,x7221,x7222,x7223,x7224,x7225,x7226,x7227,x7228,x7229,x7230,x7231,x7232,x7233,x7234,x7235,x7236,x7237,x7238,x7239,x7240,x7241,x7242,x7243,x7244,x7245,x7246,x7247,x7248,x7249,x7250,x7251,x7252,x7253,x7254,x7255,x7256,x7257,x7258,x7259,x7260,x7261,x7262,x7263,x7264,x7265,x7266,x7267,x7268,x7269,x7270,x7271,x7272,x7273,x7274,x7275,x7276,x7277,x7278,x7279,x7280,x7281,x7282,x7283,x7284,x7285,x7286,x7287,x7288,x7289,x7290,x7291,x7292,x7293,x7294,x7295,x7296,x7297,x7298,x7299,x7300,x7301,x7302,x7303,x7304,x7305,x7306,x7307,x7308,x7309,x7310,x7311,x7312,x7313,x7314,x7315,x7316,x7317,x7318,x7319,x7320,x7321,x7322,x7323,x7324,x7325,x7326,x7327,x7328,x7329,x7330,x7331,x7332,x7333,x7334,x7335,x7336,x7337,x7338,x7339,x7340,x7341,x7342,x7343,x7344,x7345,x7346,x7347,x7348,x7349,x7350,x7351,x7352,x7353,x7354,x7355,x7356,x7357,x7358,x7359,x7360,x7361,x7362,x7363,x7364,x7365,x7366,x7367,x7368,x7369,x7370,x7371,x7372,x7373,x7374,x7375,x7376,x7377,x7378,x7379,x7380,x7381,x7382,x7383,x7384,x7385,x7386,x7387,x7388,x7389,x7390,x7391,x7392,x7393,x7394,x7395,x7396,x7397,x7398,x7399,x7400,x7401,x7402,x7403,x7404,x7405,x7406,x7407,x7408,x7409,x7410,x7411,x7412,x7413,x7414,x7415,x7416,x7417,x7418,x7419,x7420,x7421,x7422,x7423,x7424,x7425,x7426,x7427,x7428,x7429,x7430,x7431,x7432,x7433,x7434,x7435,x7436,x7437,x7438,x7439,x7440,x7441,x7442,x7443,x7444,x7445,x7446,x7447,x7448,x7449,x7450,x7451,x7452,x7453,x7454,x7455,x7456,x7457,x7458,x7459,x7460,x7461,x7462,x7463,x7464,x7465,x7466,x7467,x7468,x7469,x7470,x7471,x7472,x7473,x7474,x7475,x7476,x7477,x7478,x7479,x7480,x7481,x7482,x7483,x7484,x7485,x7486,x7487,x7488,x7489,x7490,x7491,x7492,x7493,x7494,x7495,x7496,x7497,x7498,x7499,x7500,x7501,x7502,x7503,x7504,x7505,x7506,x7507,x7508,x7509,x7510,x7511,x7512,x7513,x7514,x7515,x7516,x7517,x7518,x7519,x7520,x7521,x7522,x7523,x7524,x7525,x7526,x7527,x7528,x7529,x7530,x7531,x7532,x7533,x7534,x7535,x7536,x7537,x7538,x7539,x7540,x7541,x7542,x7543,x7544,x7545,x7546,x7547,x7548,x7549,x7550,x7551,x7552,x7553,x7554,x7555,x7556,x7557,x7558,x7559,x7560,x7561,x7562,x7563,x7564,x7565,x7566,x7567,x7568,x7569,x7570,x7571,x7572,x7573,x7574,x7575,x7576,x7577,x7578,x7579,x7580,x7581,x7582,x7583,x7584,x7585,x7586,x7587,x7588,x7589,x7590,x7591,x7592,x7593,x7594,x7595,x7596,x7597,x7598,x7599,x7600,x7601,x7602,x7603,x7604,x7605,x7606,x7607,x7608,x7609,x7610,x7611,x7612,x7613,x7614,x7615,x7616,x7617,x7618,x7619,x7620,x7621,x7622,x7623,x7624,x7625,x7626,x7627,x7628,x7629,x7630,x7631,x7632,x7633,x7634,x7635,x7636,x7637,x7638,x7639,x7640,x7641,x7642,x7643,x7644,x7645,x7646,x7647,x7648,x7649,x7650,x7651,x7652,x7653,x7654,x7655,x7656,x7657,x7658,x7659,x7660,x7661,x7662,x7663,x7664,x7665,x7666,x7667,x7668,x7669,x7670,x7671,x7672,x7673,x7674,x7675,x7676,x7677,x7678,x7679,x7680,x7681,x7682,x7683,x7684,x7685,x7686,x7687,x7688,x7689,x7690,x7691,x7692,x7693,x7694,x7695,x7696,x7697,x7698,x7699,x7700,x7701,x7702,x7703,x7704,x7705,x7706,x7707,x7708,x7709,x7710,x7711,x7712,x7713,x7714,x7715,x7716,x7717,x7718,x7719,x7720,x7721,x7722,x7723,x7724,x7725,x7726,x7727,x7728,x7729,x7730,x7731,x7732,x7733,x7734,x7735,x7736,x7737,x7738,x7739,x7740,x7741,x7742,x7743,x7744,x7745,x7746,x7747,x7748,x7749,x7750,x7751,x7752,x7753,x7754,x7755,x7756,x7757,x7758,x7759,x7760,x7761,x7762,x7763,x7764,x7765,x7766,x7767,x7768,x7769,x7770,x7771,x7772,x7773,x7774,x7775,x7776,x7777,x7778,x7779,x7780,x7781,x7782,x7783,x7784,x7785,x7786,x7787,x7788,x7789,x7790,x7791,x7792,x7793,x7794,x7795,x7796,x7797,x7798,x7799,x7800,x7801,x7802,x7803,x7804,x7805,x7806,x7807,x7808,x7809,x7810,x7811,x7812,x7813,x7814,x7815,x7816,x7817,x7818,x7819,x7820,x7821,x7822,x7823,x7824,x7825,x7826,x7827,x7828,x7829,x7830,x7831,x7832,x7833,x7834,x7835,x7836,x7837,x7838,x7839,x7840,x7841,x7842,x7843,x7844,x7845,x7846,x7847,x7848,x7849,x7850,x7851,x7852,x7853,x7854,x7855,x7856,x7857,x7858,x7859,x7860,x7861,x7862,x7863,x7864,x7865,x7866,x7867,x7868,x7869,x7870,x7871,x7872,x7873,x7874,x7875,x7876,x7877,x7878,x7879,x7880,x7881,x7882,x7883,x7884,x7885,x7886,x7887,x7888,x7889,x7890,x7891,x7892,x7893,x7894,x7895,x7896,x7897,x7898,x7899,x7900,x7901,x7902,x7903,x7904,x7905,x7906,x7907,x7908,x7909,x7910,x7911,x7912,x7913,x7914,x7915,x7916,x7917,x7918,x7919,x7920,x7921,x7922,x7923,x7924,x7925,x7926,x7927,x7928,x7929,x7930,x7931,x7932,x7933,x7934,x7935,x7936,x7937,x7938,x7939,x7940,x7941,x7942,x7943,x7944,x7945,x7946,x7947,x7948,x7949,x7950,x7951,x7952,x7953,x7954,x7955,x7956,x7957,x7958,x7959,x7960,x7961,x7962,x7963,x7964,x7965,x7966,x7967,x7968,x7969,x7970,x7971,x7972,x7973,x7974,x7975,x7976,x7977,x7978,x7979,x7980,x7981,x7982,x7983,x7984,x7985,x7986,x7987,x7988,x7989,x7990,x7991,x7992,x7993,x7994,x7995,x7996,x7997,x7998,x7999,x8000,x8001,x8002,x8003,x8004,x8005,x8006,x8007,x8008,x8009,x8010,x8011,x8012,x8013,x8014,x8015,x8016,x8017,x8018,x8019,x8020,x8021,x8022,x8023,x8024,x8025,x8026,x8027,x8028,x8029,x8030,x8031,x8032,x8033,x8034,x8035,x8036,x8037,x8038,x8039,x8040,x8041,x8042,x8043,x8044,x8045,x8046,x8047,x8048,x8049,x8050,x8051,x8052,x8053,x8054,x8055,x8056,x8057,x8058,x8059,x8060,x8061,x8062,x8063,x8064,x8065,x8066,x8067,x8068,x8069,x8070,x8071,x8072,x8073,x8074,x8075,x8076,x8077,x8078,x8079,x8080,x8081,x8082,x8083,x8084,x8085,x8086,x8087,x8088,x8089,x8090,x8091,x8092,x8093,x8094,x8095,x8096,x8097,x8098,x8099,x8100,x8101,x8102,x8103,x8104,x8105,x8106,x8107,x8108,x8109,x8110,x8111,x8112,x8113,x8114,x8115,x8116,x8117,x8118,x8119,x8120,x8121,x8122,x8123,x8124,x8125,x8126,x8127,x8128,x8129,x8130,x8131,x8132,x8133,x8134,x8135,x8136,x8137,x8138,x8139,x8140,x8141,x8142,x8143,x8144,x8145,x8146,x8147,x8148,x8149,x8150,x8151,x8152,x8153,x8154,x8155,x8156,x8157,x8158,x8159,x8160,x8161,x8162,x8163,x8164,x8165,x8166,x8167,x8168,x8169,x8170,x8171,x8172,x8173,x8174,x8175,x8176,x8177,x8178,x8179,x8180,x8181,x8182,x8183,x8184,x8185,x8186,x8187,x8188,x8189,x8190,x8191,x8192,x8193,x8194,x8195,x8196,x8197,x8198,x8199,x8200,x8201,x8202,x8203,x8204,x8205,x8206,x8207,x8208,x8209,x8210,x8211,x8212,x8213,x8214,x8215,x8216,x8217,x8218,x8219,x8220,x8221,x8222,x8223,x8224,x8225,x8226,x8227,x8228,x8229,x8230,x8231,x8232,x8233,x8234,x8235,x8236,x8237,x8238,x8239,x8240,x8241,x8242,x8243,x8244,x8245,x8246,x8247,x8248,x8249,x8250,x8251,x8252,x8253,x8254,x8255,x8256,x8257,x8258,x8259,x8260,x8261,x8262,x8263,x8264,x8265,x8266,x8267,x8268,x8269,x8270,x8271,x8272,x8273,x8274,x8275,x8276,x8277,x8278,x8279,x8280,x8281,x8282,x8283,x8284,x8285,x8286,x8287,x8288,x8289,x8290,x8291,x8292,x8293,x8294,x8295,x8296,x8297,x8298,x8299,x8300,x8301,x8302,x8303,x8304,x8305,x8306,x8307,x8308,x8309,x8310,x8311,x8312,x8313,x8314,x8315,x8316,x8317,x8318,x8319,x8320,x8321,x8322,x8323,x8324,x8325,x8326,x8327,x8328,x8329,x8330,x8331,x8332,x8333,x8334,x8335,x8336,x8337,x8338,x8339,x8340,x8341,x8342,x8343,x8344,x8345,x8346,x8347,x8348,x8349,x8350,x8351,x8352,x8353,x8354,x8355,x8356,x8357,x8358,x8359,x8360,x8361,x8362,x8363,x8364,x8365,x8366,x8367,x8368,x8369,x8370,x8371,x8372,x8373,x8374,x8375,x8376,x8377,x8378,x8379,x8380,x8381,x8382,x8383,x8384,x8385,x8386,x8387,x8388,x8389,x8390,x8391,x8392,x8393,x8394,x8395,x8396,x8397,x8398,x8399,x8400,x8401,x8402,x8403,x8404,x8405,x8406,x8407,x8408,x8409,x8410,x8411,x8412,x8413,x8414,x8415,x8416,x8417,x8418,x8419,x8420,x8421,x8422,x8423,x8424,x8425,x8426,x8427,x8428,x8429,x8430,x8431,x8432,x8433,x8434,x8435,x8436,x8437,x8438,x8439,x8440,x8441,x8442,x8443,x8444,x8445,x8446,x8447,x8448,x8449,x8450,x8451,x8452,x8453,x8454,x8455,x8456,x8457,x8458,x8459,x8460,x8461,x8462,x8463,x8464,x8465,x8466,x8467,x8468,x8469,x8470,x8471,x8472,x8473,x8474,x8475,x8476,x8477,x8478,x8479,x8480,x8481,x8482,x8483,x8484,x8485,x8486,x8487,x8488,x8489,x8490,x8491,x8492,x8493,x8494,x8495,x8496,x8497,x8498,x8499,x8500,x8501,x8502,x8503,x8504,x8505,x8506,x8507,x8508,x8509,x8510,x8511,x8512,x8513,x8514,x8515,x8516,x8517,x8518,x8519,x8520,x8521,x8522,x8523,x8524,x8525,x8526,x8527,x8528,x8529,x8530,x8531,x8532,x8533,x8534,x8535,x8536,x8537,x8538,x8539,x8540,x8541,x8542,x8543,x8544,x8545,x8546,x8547,x8548,x8549,x8550,x8551,x8552,x8553,x8554,x8555,x8556,x8557,x8558,x8559,x8560,x8561,x8562,x8563,x8564,x8565,x8566,x8567,x8568,x8569,x8570,x8571,x8572,x8573,x8574,x8575,x8576,x8577,x8578,x8579,x8580,x8581,x8582,x8583,x8584,x8585,x8586,x8587,x8588,x8589,x8590,x8591,x8592,x8593,x8594,x8595,x8596,x8597,x8598,x8599,x8600,x8601,x8602,x8603,x8604,x8605,x8606,x8607,x8608,x8609,x8610,x8611,x8612,x8613,x8614,x8615,x8616,x8617,x8618,x8619,x8620,x8621,x8622,x8623,x8624,x8625,x8626,x8627,x8628,x8629,x8630,x8631,x8632,x8633,x8634,x8635,x8636,x8637,x8638,x8639,x8640,x8641,x8642,x8643,x8644,x8645,x8646,x8647,x8648,x8649,x8650,x8651,x8652,x8653,x8654,x8655,x8656,x8657,x8658,x8659,x8660,x8661,x8662,x8663,x8664,x8665,x8666,x8667,x8668,x8669,x8670,x8671,x8672,x8673,x8674,x8675,x8676,x8677,x8678,x8679,x8680,x8681,x8682,x8683,x8684,x8685,x8686,x8687,x8688,x8689,x8690,x8691,x8692,x8693,x8694,x8695,x8696,x8697,x8698,x8699,x8700,x8701,x8702,x8703,x8704,x8705,x8706,x8707,x8708,x8709,x8710,x8711,x8712,x8713,x8714,x8715,x8716,x8717,x8718,x8719,x8720,x8721,x8722,x8723,x8724,x8725,x8726,x8727,x8728,x8729,x8730,x8731,x8732,x8733,x8734,x8735,x8736,x8737,x8738,x8739,x8740,x8741,x8742,x8743,x8744,x8745,x8746,x8747,x8748,x8749,x8750,x8751,x8752,x8753,x8754,x8755,x8756,x8757,x8758,x8759,x8760,x8761,x8762,x8763,x8764,x8765,x8766,x8767,x8768,x8769,x8770,x8771,x8772,x8773,x8774,x8775,x8776,x8777,x8778,x8779,x8780,x8781,x8782,x8783,x8784,x8785,x8786,x8787,x8788,x8789,x8790,x8791,x8792,x8793,x8794,x8795,x8796,x8797,x8798,x8799,x8800,x8801,x8802,x8803,x8804,x8805,x8806,x8807,x8808,x8809,x8810,x8811,x8812,x8813,x8814,x8815,x8816,x8817,x8818,x8819,x8820,x8821,x8822,x8823,x8824,x8825,x8826,x8827,x8828,x8829,x8830,x8831,x8832,x8833,x8834,x8835,x8836,x8837,x8838,x8839,x8840,x8841,x8842,x8843,x8844,x8845,x8846,x8847,x8848,x8849,x8850,x8851,x8852,x8853,x8854,x8855,x8856,x8857,x8858,x8859,x8860,x8861,x8862,x8863,x8864,x8865,x8866,x8867,x8868,x8869,x8870,x8871,x8872,x8873,x8874,x8875,x8876,x8877,x8878,x8879,x8880,x8881,x8882,x8883,x8884,x8885,x8886,x8887,x8888,x8889,x8890,x8891,x8892,x8893,x8894,x8895,x8896,x8897,x8898,x8899,x8900,x8901,x8902,x8903,x8904,x8905,x8906,x8907,x8908,x8909,x8910,x8911,x8912,x8913,x8914,x8915,x8916,x8917,x8918,x8919,x8920,x8921,x8922,x8923,x8924,x8925,x8926,x8927,x8928,x8929,x8930,x8931,x8932,x8933,x8934,x8935,x8936,x8937,x8938,x8939,x8940,x8941,x8942,x8943,x8944,x8945,x8946,x8947,x8948,x8949,x8950,x8951,x8952,x8953,x8954,x8955,x8956,x8957,x8958,x8959,x8960,x8961,x8962,x8963,x8964,x8965,x8966,x8967,x8968,x8969,x8970,x8971,x8972,x8973,x8974,x8975,x8976,x8977,x8978,x8979,x8980,x8981,x8982,x8983,x8984,x8985,x8986,x8987,x8988,x8989,x8990,x8991,x8992,x8993,x8994,x8995,x8996,x8997,x8998,x8999,x9000,x9001,x9002,x9003,x9004,x9005,x9006,x9007,x9008,x9009,x9010,x9011,x9012,x9013,x9014,x9015,x9016,x9017,x9018,x9019,x9020,x9021,x9022,x9023,x9024,x9025,x9026,x9027,x9028,x9029,x9030,x9031,x9032,x9033,x9034,x9035,x9036,x9037,x9038,x9039,x9040,x9041,x9042,x9043,x9044,x9045,x9046,x9047,x9048,x9049,x9050,x9051,x9052,x9053,x9054,x9055,x9056,x9057,x9058,x9059,x9060,x9061,x9062,x9063,x9064,x9065,x9066,x9067,x9068,x9069,x9070,x9071,x9072,x9073,x9074,x9075,x9076,x9077,x9078,x9079,x9080,x9081,x9082,x9083,x9084,x9085,x9086,x9087,x9088,x9089,x9090,x9091,x9092,x9093,x9094,x9095,x9096,x9097,x9098,x9099,x9100,x9101,x9102,x9103,x9104,x9105,x9106,x9107,x9108,x9109,x9110,x9111,x9112,x9113,x9114,x9115,x9116,x9117,x9118,x9119,x9120,x9121,x9122,x9123,x9124,x9125,x9126,x9127,x9128,x9129,x9130,x9131,x9132,x9133,x9134,x9135,x9136,x9137,x9138,x9139,x9140,x9141,x9142,x9143,x9144,x9145,x9146,x9147,x9148,x9149,x9150,x9151,x9152,x9153,x9154,x9155,x9156,x9157,x9158,x9159,x9160,x9161,x9162,x9163,x9164,x9165,x9166,x9167,x9168,x9169,x9170,x9171,x9172,x9173,x9174,x9175,x9176,x9177,x9178,x9179,x9180,x9181,x9182,x9183,x9184,x9185,x9186,x9187,x9188,x9189,x9190,x9191,x9192,x9193,x9194,x9195,x9196,x9197,x9198,x9199,x9200,x9201,x9202,x9203,x9204,x9205,x9206,x9207,x9208,x9209,x9210,x9211,x9212,x9213,x9214,x9215,x9216,x9217,x9218,x9219,x9220,x9221,x9222,x9223,x9224,x9225,x9226,x9227,x9228,x9229,x9230,x9231,x9232,x9233,x9234,x9235,x9236,x9237,x9238,x9239,x9240,x9241,x9242,x9243,x9244,x9245,x9246,x9247,x9248,x9249,x9250,x9251,x9252,x9253,x9254,x9255,x9256,x9257,x9258,x9259,x9260,x9261,x9262,x9263,x9264,x9265,x9266,x9267,x9268,x9269,x9270,x9271,x9272,x9273,x9274,x9275,x9276,x9277,x9278,x9279,x9280,x9281,x9282,x9283,x9284,x9285,x9286,x9287,x9288,x9289,x9290,x9291,x9292,x9293,x9294,x9295,x9296,x9297,x9298,x9299,x9300,x9301,x9302,x9303,x9304,x9305,x9306,x9307,x9308,x9309,x9310,x9311,x9312,x9313,x9314,x9315,x9316,x9317,x9318,x9319,x9320,x9321,x9322,x9323,x9324,x9325,x9326,x9327,x9328,x9329,x9330,x9331,x9332,x9333,x9334,x9335,x9336,x9337,x9338,x9339,x9340,x9341,x9342,x9343,x9344,x9345,x9346,x9347,x9348,x9349,x9350,x9351,x9352,x9353,x9354,x9355,x9356,x9357,x9358,x9359,x9360,x9361,x9362,x9363,x9364,x9365,x9366,x9367,x9368,x9369,x9370,x9371,x9372,x9373,x9374,x9375,x9376,x9377,x9378,x9379,x9380,x9381,x9382,x9383,x9384,x9385,x9386,x9387,x9388,x9389,x9390,x9391,x9392,x9393,x9394,x9395,x9396,x9397,x9398,x9399,x9400,x9401,x9402,x9403,x9404,x9405,x9406,x9407,x9408,x9409,x9410,x9411,x9412,x9413,x9414,x9415,x9416,x9417,x9418,x9419,x9420,x9421,x9422,x9423,x9424,x9425,x9426,x9427,x9428,x9429,x9430,x9431,x9432,x9433,x9434,x9435,x9436,x9437,x9438,x9439,x9440,x9441,x9442,x9443,x9444,x9445,x9446,x9447,x9448,x9449,x9450,x9451,x9452,x9453,x9454,x9455,x9456,x9457,x9458,x9459,x9460,x9461,x9462,x9463,x9464,x9465,x9466,x9467,x9468,x9469,x9470,x9471,x9472,x9473,x9474,x9475,x9476,x9477,x9478,x9479,x9480,x9481,x9482,x9483,x9484,x9485,x9486,x9487,x9488,x9489,x9490,x9491,x9492,x9493,x9494,x9495,x9496,x9497,x9498,x9499,x9500,x9501,x9502,x9503,x9504,x9505,x9506,x9507,x9508,x9509,x9510,x9511,x9512,x9513,x9514,x9515,x9516,x9517,x9518,x9519,x9520,x9521,x9522,x9523,x9524,x9525,x9526,x9527,x9528,x9529,x9530,x9531,x9532,x9533,x9534,x9535,x9536,x9537,x9538,x9539,x9540,x9541,x9542,x9543,x9544,x9545,x9546,x9547,x9548,x9549,x9550,x9551,x9552,x9553,x9554,x9555,x9556,x9557,x9558,x9559,x9560,x9561,x9562,x9563,x9564,x9565,x9566,x9567,x9568,x9569,x9570,x9571,x9572,x9573,x9574,x9575,x9576,x9577,x9578,x9579,x9580,x9581,x9582,x9583,x9584,x9585,x9586,x9587,x9588,x9589,x9590,x9591,x9592,x9593,x9594,x9595,x9596,x9597,x9598,x9599,x9600,x9601,x9602,x9603,x9604,x9605,x9606,x9607,x9608,x9609,x9610,x9611,x9612,x9613,x9614,x9615,x9616,x9617,x9618,x9619,x9620,x9621,x9622,x9623,x9624,x9625,x9626,x9627,x9628,x9629,x9630,x9631,x9632,x9633,x9634,x9635,x9636,x9637,x9638,x9639,x9640,x9641,x9642,x9643,x9644,x9645,x9646,x9647,x9648,x9649,x9650,x9651,x9652,x9653,x9654,x9655,x9656,x9657,x9658,x9659,x9660,x9661,x9662,x9663,x9664,x9665,x9666,x9667,x9668,x9669,x9670,x9671,x9672,x9673,x9674,x9675,x9676,x9677,x9678,x9679,x9680,x9681,x9682,x9683,x9684,x9685,x9686,x9687,x9688,x9689,x9690,x9691,x9692,x9693,x9694,x9695,x9696,x9697,x9698,x9699,x9700,x9701,x9702,x9703,x9704,x9705,x9706,x9707,x9708,x9709,x9710,x9711,x9712,x9713,x9714,x9715,x9716,x9717,x9718,x9719,x9720,x9721,x9722,x9723,x9724,x9725,x9726,x9727,x9728,x9729,x9730,x9731,x9732,x9733,x9734,x9735,x9736,x9737,x9738,x9739,x9740,x9741,x9742,x9743,x9744,x9745,x9746,x9747,x9748,x9749,x9750,x9751,x9752,x9753,x9754,x9755,x9756,x9757,x9758,x9759,x9760,x9761,x9762,x9763,x9764,x9765,x9766,x9767,x9768,x9769,x9770,x9771,x9772,x9773,x9774,x9775,x9776,x9777,x9778,x9779,x9780,x9781,x9782,x9783,x9784,x9785,x9786,x9787,x9788,x9789,x9790,x9791,x9792,x9793,x9794,x9795,x9796,x9797,x9798,x9799,x9800,x9801,x9802,x9803,x9804,x9805,x9806,x9807,x9808,x9809,x9810,x9811,x9812,x9813,x9814,x9815,x9816,x9817,x9818,x9819,x9820,x9821,x9822,x9823,x9824,x9825,x9826,x9827,x9828,x9829,x9830,x9831,x9832,x9833,x9834,x9835,x9836,x9837,x9838,x9839,x9840,x9841,x9842,x9843,x9844,x9845,x9846,x9847,x9848,x9849,x9850,x9851,x9852,x9853,x9854,x9855,x9856,x9857,x9858,x9859,x9860,x9861,x9862,x9863,x9864,x9865,x9866,x9867,x9868,x9869,x9870,x9871,x9872,x9873,x9874,x9875,x9876,x9877,x9878,x9879,x9880,x9881,x9882,x9883,x9884,x9885,x9886,x9887,x9888,x9889,x9890,x9891,x9892,x9893,x9894,x9895,x9896,x9897,x9898,x9899,x9900,x9901,x9902,x9903,x9904,x9905,x9906,x9907,x9908,x9909,x9910,x9911,x9912,x9913,x9914,x9915,x9916,x9917,x9918,x9919,x9920,x9921,x9922,x9923,x9924,x9925,x9926,x9927,x9928,x9929,x9930,x9931,x9932,x9933,x9934,x9935,x9936,x9937,x9938,x9939,x9940,x9941,x9942,x9943,x9944,x9945,x9946,x9947,x9948,x9949,x9950,x9951,x9952,x9953,x9954,x9955,x9956,x9957,x9958,x9959,x9960,x9961,x9962,x9963,x9964,x9965,x9966,x9967,x9968,x9969,x9970,x9971,x9972,x9973,x9974,x9975,x9976,x9977,x9978,x9979,x9980,x9981,x9982,x9983,x9984,x9985,x9986,x9987,x9988,x9989,x9990,x9991,x9992,x9993,x9994,x9995,x9996,x9997,x9998,x9999,x10000,x10001,x10002,x10003,x10004,x10005,x10006,x10007,x10008,x10009,x10010,x10011,x10012,x10013,x10014,x10015,x10016,x10017,x10018,x10019,x10020,x10021,x10022,x10023,x10024,x10025,x10026,x10027,x10028,x10029,x10030,x10031,x10032,x10033,x10034,x10035,x10036,x10037,x10038,x10039,x10040,x10041,x10042,x10043,x10044,x10045,x10046,x10047,x10048,x10049,x10050,x10051,x10052,x10053,x10054,x10055,x10056,x10057,x10058,x10059,x10060,x10061,x10062,x10063,x10064,x10065,x10066,x10067,x10068,x10069,x10070,x10071,x10072,x10073,x10074,x10075,x10076,x10077,x10078,x10079,x10080,x10081,x10082,x10083,x10084,x10085,x10086,x10087,x10088,x10089,x10090,x10091,x10092,x10093,x10094,x10095,x10096,x10097,x10098,x10099,x10100,x10101,x10102,x10103,x10104,x10105,x10106,x10107,x10108,x10109,x10110,x10111,x10112,x10113,x10114,x10115,x10116,x10117,x10118,x10119,x10120,x10121,x10122,x10123,x10124,x10125,x10126,x10127,x10128,x10129,x10130,x10131,x10132,x10133,x10134,x10135,x10136,x10137,x10138,x10139,x10140,x10141,x10142,x10143,x10144,x10145,x10146,x10147,x10148,x10149,x10150,x10151,x10152,x10153,x10154,x10155,x10156,x10157,x10158,x10159,x10160,x10161,x10162,x10163,x10164,x10165,x10166,x10167,x10168,x10169,x10170,x10171,x10172,x10173,x10174,x10175,x10176,x10177,x10178,x10179,x10180,x10181,x10182,x10183,x10184,x10185,x10186,x10187,x10188,x10189,x10190,x10191,x10192,x10193,x10194,x10195,x10196,x10197,x10198,x10199,x10200,x10201,x10202,x10203,x10204,x10205,x10206,x10207,x10208,x10209,x10210,x10211,x10212,x10213,x10214,x10215,x10216,x10217,x10218,x10219,x10220,x10221,x10222,x10223,x10224,x10225,x10226,x10227,x10228,x10229,x10230,x10231,x10232,x10233,x10234,x10235,x10236,x10237,x10238,x10239,x10240,x10241,x10242,x10243,x10244,x10245,x10246,x10247,x10248,x10249,x10250,x10251,x10252,x10253,x10254,x10255,x10256,x10257,x10258,x10259,x10260,x10261,x10262,x10263,x10264,x10265,x10266,x10267,x10268,x10269,x10270,x10271,x10272,x10273,x10274,x10275,x10276,x10277,x10278,x10279,x10280,x10281,x10282,x10283,x10284,x10285,x10286,x10287,x10288,x10289,x10290,x10291,x10292,x10293,x10294,x10295,x10296,x10297,x10298,x10299,x10300,x10301,x10302,x10303,x10304,x10305,x10306,x10307,x10308,x10309,x10310,x10311,x10312,x10313,x10314,x10315,x10316,x10317,x10318,x10319,x10320,x10321,x10322,x10323,x10324,x10325,x10326,x10327,x10328,x10329,x10330,x10331,x10332,x10333,x10334,x10335,x10336,x10337,x10338,x10339,x10340,x10341,x10342,x10343,x10344,x10345,x10346,x10347,x10348,x10349,x10350,x10351,x10352,x10353,x10354,x10355,x10356,x10357,x10358,x10359,x10360,x10361,x10362,x10363,x10364,x10365,x10366,x10367,x10368,x10369,x10370,x10371,x10372,x10373,x10374,x10375,x10376,x10377,x10378,x10379,x10380,x10381,x10382,x10383,x10384,x10385,x10386,x10387,x10388,x10389,x10390,x10391,x10392,x10393,x10394,x10395,x10396,x10397,x10398,x10399,x10400,x10401,x10402,x10403,x10404,x10405,x10406,x10407,x10408,x10409,x10410,x10411,x10412,x10413,x10414,x10415,x10416,x10417,x10418,x10419,x10420,x10421,x10422,x10423,x10424,x10425,x10426,x10427,x10428,x10429,x10430,x10431,x10432,x10433,x10434,x10435,x10436,x10437,x10438,x10439,x10440,x10441,x10442,x10443,x10444,x10445,x10446,x10447,x10448,x10449,x10450,x10451,x10452,x10453,x10454,x10455,x10456,x10457,x10458,x10459,x10460,x10461,x10462,x10463,x10464,x10465,x10466,x10467,x10468,x10469,x10470,x10471,x10472,x10473,x10474,x10475,x10476,x10477,x10478,x10479,x10480,x10481,x10482,x10483,x10484,x10485,x10486,x10487,x10488,x10489,x10490,x10491,x10492,x10493,x10494,x10495,x10496,x10497,x10498,x10499,x10500,x10501,x10502,x10503,x10504,x10505,x10506,x10507,x10508,x10509,x10510,x10511,x10512,x10513,x10514,x10515,x10516,x10517,x10518,x10519,x10520,x10521,x10522,x10523,x10524,x10525,x10526,x10527,x10528,x10529,x10530,x10531,x10532,x10533,x10534,x10535,x10536,x10537,x10538,x10539,x10540,x10541,x10542,x10543,x10544,x10545,x10546,x10547,x10548,x10549,x10550,x10551,x10552,x10553,x10554,x10555,x10556,x10557,x10558,x10559,x10560,x10561,x10562,x10563,x10564,x10565,x10566,x10567,x10568,x10569,x10570,x10571,x10572,x10573,x10574,x10575,x10576,x10577,x10578,x10579,x10580,x10581,x10582,x10583,x10584,x10585,x10586,x10587,x10588,x10589,x10590,x10591,x10592,x10593,x10594,x10595,x10596,x10597,x10598,x10599,x10600,x10601,x10602,x10603,x10604,x10605,x10606,x10607,x10608,x10609,x10610,x10611,x10612,x10613,x10614,x10615,x10616,x10617,x10618,x10619,x10620,x10621,x10622,x10623,x10624,x10625,x10626,x10627,x10628,x10629,x10630,x10631,x10632,x10633,x10634,x10635,x10636,x10637,x10638,x10639,x10640,x10641,x10642,x10643,x10644,x10645,x10646,x10647,x10648,x10649,x10650,x10651,x10652,x10653,x10654,x10655,x10656,x10657,x10658,x10659,x10660,x10661,x10662,x10663,x10664,x10665,x10666,x10667,x10668,x10669,x10670,x10671,x10672,x10673,x10674,x10675,x10676,x10677,x10678,x10679,x10680,x10681,x10682,x10683,x10684,x10685,x10686,x10687,x10688,x10689,x10690,x10691,x10692,x10693,x10694,x10695,x10696,x10697,x10698,x10699,x10700,x10701,x10702,x10703,x10704,x10705,x10706,x10707,x10708,x10709,x10710,x10711,x10712,x10713,x10714,x10715,x10716,x10717,x10718,x10719,x10720,x10721,x10722,x10723,x10724,x10725,x10726,x10727,x10728,x10729,x10730,x10731,x10732,x10733,x10734,x10735,x10736,x10737,x10738,x10739,x10740,x10741,x10742,x10743,x10744,x10745,x10746,x10747,x10748,x10749,x10750,x10751,x10752,x10753,x10754,x10755,x10756,x10757,x10758,x10759,x10760,x10761,x10762,x10763,x10764,x10765,x10766,x10767,x10768,x10769,x10770,x10771,x10772,x10773,x10774,x10775,x10776,x10777,x10778,x10779,x10780,x10781,x10782,x10783,x10784,x10785,x10786,x10787,x10788,x10789,x10790,x10791,x10792,x10793,x10794,x10795,x10796,x10797,x10798,x10799,x10800,x10801,x10802,x10803,x10804,x10805,x10806,x10807,x10808,x10809,x10810,x10811,x10812,x10813,x10814,x10815,x10816,x10817,x10818,x10819,x10820,x10821,x10822,x10823,x10824,x10825,x10826,x10827,x10828,x10829,x10830,x10831,x10832,x10833,x10834,x10835,x10836,x10837,x10838,x10839,x10840,x10841,x10842,x10843,x10844,x10845,x10846,x10847,x10848,x10849,x10850,x10851,x10852,x10853,x10854,x10855,x10856,x10857,x10858,x10859,x10860,x10861,x10862,x10863,x10864,x10865,x10866,x10867,x10868,x10869,x10870,x10871,x10872,x10873,x10874,x10875,x10876,x10877,x10878,x10879,x10880,x10881,x10882,x10883,x10884,x10885,x10886,x10887,x10888,x10889,x10890,x10891,x10892,x10893,x10894,x10895,x10896,x10897,x10898,x10899,x10900,x10901,x10902,x10903,x10904,x10905,x10906,x10907,x10908,x10909,x10910,x10911,x10912,x10913,x10914,x10915,x10916,x10917,x10918,x10919,x10920,x10921,x10922,x10923,x10924,x10925,x10926,x10927,x10928,x10929,x10930,x10931,x10932,x10933,x10934,x10935,x10936,x10937,x10938,x10939,x10940,x10941,x10942,x10943,x10944,x10945,x10946,x10947,x10948,x10949,x10950,x10951,x10952,x10953,x10954,x10955,x10956,x10957,x10958,x10959,x10960,x10961,x10962,x10963,x10964,x10965,x10966,x10967,x10968,x10969,x10970,x10971,x10972,x10973,x10974,x10975,x10976,x10977,x10978,x10979,x10980,x10981,x10982,x10983,x10984,x10985,x10986,x10987,x10988,x10989,x10990,x10991,x10992,x10993,x10994,x10995,x10996,x10997,x10998,x10999,x11000,x11001,x11002,x11003,x11004,x11005,x11006,x11007,x11008,x11009,x11010,x11011,x11012,x11013,x11014,x11015,x11016,x11017,x11018,x11019,x11020,x11021,x11022,x11023,x11024,x11025,x11026,x11027,x11028,x11029,x11030,x11031,x11032,x11033,x11034,x11035,x11036,x11037,x11038,x11039,x11040,x11041,x11042,x11043,x11044,x11045,x11046,x11047,x11048,x11049,x11050,x11051,x11052,x11053,x11054,x11055,x11056,x11057,x11058,x11059,x11060,x11061,x11062,x11063,x11064,x11065,x11066,x11067,x11068,x11069,x11070,x11071,x11072,x11073,x11074,x11075,x11076,x11077,x11078,x11079,x11080,x11081,x11082,x11083,x11084,x11085,x11086,x11087,x11088,x11089,x11090,x11091,x11092,x11093,x11094,x11095,x11096,x11097,x11098,x11099,x11100,x11101,x11102,x11103,x11104,x11105,x11106,x11107,x11108,x11109,x11110,x11111,x11112,x11113,x11114,x11115,x11116,x11117,x11118,x11119,x11120,x11121,x11122,x11123,x11124,x11125,x11126,x11127,x11128,x11129,x11130,x11131,x11132,x11133,x11134,x11135,x11136,x11137,x11138,x11139,x11140,x11141,x11142,x11143,x11144,x11145,x11146,x11147,x11148,x11149,x11150,x11151,x11152,x11153,x11154,x11155,x11156,x11157,x11158,x11159,x11160,x11161,x11162,x11163,x11164,x11165,x11166,x11167,x11168,x11169,x11170,x11171,x11172,x11173,x11174,x11175,x11176,x11177,x11178,x11179,x11180,x11181,x11182,x11183,x11184,x11185,x11186,x11187,x11188,x11189,x11190,x11191,x11192,x11193,x11194,x11195,x11196,x11197,x11198,x11199,x11200,x11201,x11202,x11203,x11204,x11205,x11206,x11207,x11208,x11209,x11210,x11211,x11212,x11213,x11214,x11215,x11216,x11217,x11218,x11219,x11220,x11221,x11222,x11223,x11224,x11225,x11226,x11227,x11228,x11229,x11230,x11231,x11232,x11233,x11234,x11235,x11236,x11237,x11238,x11239,x11240,x11241,x11242,x11243,x11244,x11245,x11246,x11247,x11248,x11249,x11250,x11251,x11252,x11253,x11254,x11255,x11256,x11257,x11258,x11259,x11260,x11261,x11262,x11263,x11264,x11265,x11266,x11267,x11268,x11269,x11270,x11271,x11272,x11273,x11274,x11275,x11276,x11277,x11278,x11279,x11280,x11281,x11282,x11283,x11284,x11285,x11286,x11287,x11288,x11289,x11290,x11291,x11292,x11293,x11294,x11295,x11296,x11297,x11298,x11299,x11300,x11301,x11302,x11303,x11304,x11305,x11306,x11307,x11308,x11309,x11310,x11311,x11312,x11313,x11314,x11315,x11316,x11317,x11318,x11319,x11320,x11321,x11322,x11323,x11324,x11325,x11326,x11327,x11328,x11329,x11330,x11331,x11332,x11333,x11334,x11335,x11336,x11337,x11338,x11339,x11340,x11341,x11342,x11343,x11344,x11345,x11346,x11347,x11348,x11349,x11350,x11351,x11352,x11353,x11354,x11355,x11356,x11357,x11358,x11359,x11360,x11361,x11362,x11363,x11364,x11365,x11366,x11367,x11368,x11369,x11370,x11371,x11372,x11373,x11374,x11375,x11376,x11377,x11378,x11379,x11380,x11381,x11382,x11383,x11384,x11385,x11386,x11387,x11388,x11389,x11390,x11391,x11392,x11393,x11394,x11395,x11396,x11397,x11398,x11399,x11400,x11401,x11402,x11403,x11404,x11405,x11406,x11407,x11408,x11409,x11410,x11411,x11412,x11413,x11414,x11415,x11416,x11417,x11418,x11419,x11420,x11421,x11422,x11423,x11424,x11425,x11426,x11427,x11428,x11429,x11430,x11431,x11432,x11433,x11434,x11435,x11436,x11437,x11438,x11439,x11440,x11441,x11442,x11443,x11444,x11445,x11446,x11447,x11448,x11449,x11450,x11451,x11452,x11453,x11454,x11455,x11456,x11457,x11458,x11459,x11460,x11461,x11462,x11463,x11464,x11465,x11466,x11467,x11468,x11469,x11470,x11471,x11472,x11473,x11474,x11475,x11476,x11477,x11478,x11479,x11480,x11481,x11482,x11483,x11484,x11485,x11486,x11487,x11488,x11489,x11490,x11491,x11492,x11493,x11494,x11495,x11496,x11497,x11498,x11499,x11500,x11501,x11502,x11503,x11504,x11505,x11506,x11507,x11508,x11509,x11510,x11511,x11512,x11513,x11514,x11515,x11516,x11517,x11518,x11519,x11520,x11521,x11522,x11523,x11524,x11525,x11526,x11527,x11528,x11529,x11530,x11531,x11532,x11533,x11534,x11535,x11536,x11537,x11538,x11539,x11540,x11541,x11542,x11543,x11544,x11545,x11546,x11547,x11548,x11549,x11550,x11551,x11552,x11553,x11554,x11555,x11556,x11557,x11558,x11559,x11560,x11561,x11562,x11563,x11564,x11565,x11566,x11567,x11568,x11569,x11570,x11571,x11572,x11573,x11574,x11575,x11576,x11577,x11578,x11579,x11580,x11581,x11582,x11583,x11584,x11585,x11586,x11587,x11588,x11589,x11590,x11591,x11592,x11593,x11594,x11595,x11596,x11597,x11598,x11599,x11600,x11601,x11602,x11603,x11604,x11605,x11606,x11607,x11608,x11609,x11610,x11611,x11612,x11613,x11614,x11615,x11616,x11617,x11618,x11619,x11620,x11621,x11622,x11623,x11624,x11625,x11626,x11627,x11628,x11629,x11630,x11631,x11632,x11633,x11634,x11635,x11636,x11637,x11638,x11639,x11640,x11641,x11642,x11643,x11644,x11645,x11646,x11647,x11648,x11649,x11650,x11651,x11652,x11653,x11654,x11655,x11656,x11657,x11658,x11659,x11660,x11661,x11662,x11663,x11664,x11665,x11666,x11667,x11668,x11669,x11670,x11671,x11672,x11673,x11674,x11675,x11676,x11677,x11678,x11679,x11680,x11681,x11682,x11683,x11684,x11685,x11686,x11687,x11688,x11689,x11690,x11691,x11692,x11693,x11694,x11695,x11696,x11697,x11698,x11699,x11700,x11701,x11702,x11703,x11704,x11705,x11706,x11707,x11708,x11709,x11710,x11711,x11712,x11713,x11714,x11715,x11716,x11717,x11718,x11719,x11720,x11721,x11722,x11723,x11724,x11725,x11726,x11727,x11728,x11729,x11730,x11731,x11732,x11733,x11734,x11735,x11736,x11737,x11738,x11739,x11740,x11741,x11742,x11743,x11744,x11745,x11746,x11747,x11748,x11749,x11750,x11751,x11752,x11753,x11754,x11755,x11756,x11757,x11758,x11759,x11760,x11761,x11762,x11763,x11764,x11765,x11766,x11767,x11768,x11769,x11770,x11771,x11772,x11773,x11774,x11775,x11776,x11777,x11778,x11779,x11780,x11781,x11782,x11783,x11784,x11785,x11786,x11787,x11788,x11789,x11790,x11791,x11792,x11793,x11794,x11795,x11796,x11797,x11798,x11799,x11800,x11801,x11802,x11803,x11804,x11805,x11806,x11807,x11808,x11809,x11810,x11811,x11812,x11813,x11814,x11815,x11816,x11817,x11818,x11819,x11820,x11821,x11822,x11823,x11824,x11825,x11826,x11827,x11828,x11829,x11830,x11831,x11832,x11833,x11834,x11835,x11836,x11837,x11838,x11839,x11840,x11841,x11842,x11843,x11844,x11845,x11846,x11847,x11848,x11849,x11850,x11851,x11852,x11853,x11854,x11855,x11856,x11857,x11858,x11859,x11860,x11861,x11862,x11863,x11864,x11865,x11866,x11867,x11868,x11869,x11870,x11871,x11872,x11873,x11874,x11875,x11876,x11877,x11878,x11879,x11880,x11881,x11882,x11883,x11884,x11885,x11886,x11887,x11888,x11889,x11890,x11891,x11892,x11893,x11894,x11895,x11896,x11897,x11898,x11899,x11900,x11901,x11902,x11903,x11904,x11905,x11906,x11907,x11908,x11909,x11910,x11911,x11912,x11913,x11914,x11915,x11916,x11917,x11918,x11919,x11920,x11921,x11922,x11923,x11924,x11925,x11926,x11927,x11928,x11929,x11930,x11931,x11932,x11933,x11934,x11935,x11936,x11937,x11938,x11939,x11940,x11941,x11942,x11943,x11944,x11945,x11946,x11947,x11948,x11949,x11950,x11951,x11952,x11953,x11954,x11955,x11956,x11957,x11958,x11959,x11960,x11961,x11962,x11963,x11964,x11965,x11966,x11967,x11968,x11969,x11970,x11971,x11972,x11973,x11974,x11975,x11976,x11977,x11978,x11979,x11980,x11981,x11982,x11983,x11984,x11985,x11986,x11987,x11988,x11989,x11990,x11991,x11992,x11993,x11994,x11995,x11996,x11997,x11998,x11999,x12000,x12001,x12002,x12003,x12004,x12005,x12006,x12007,x12008,x12009,x12010,x12011,x12012,x12013,x12014,x12015,x12016,x12017,x12018,x12019,x12020,x12021,x12022,x12023,x12024,x12025,x12026,x12027,x12028,x12029,x12030,x12031,x12032,x12033,x12034,x12035,x12036,x12037,x12038,x12039,x12040,x12041,x12042,x12043,x12044,x12045,x12046,x12047,x12048,x12049,x12050,x12051,x12052,x12053,x12054,x12055,x12056,x12057,x12058,x12059,x12060,x12061,x12062,x12063,x12064,x12065,x12066,x12067,x12068,x12069,x12070,x12071,x12072,x12073,x12074,x12075,x12076,x12077,x12078,x12079,x12080,x12081,x12082,x12083,x12084,x12085,x12086,x12087,x12088,x12089,x12090,x12091,x12092,x12093,x12094,x12095,x12096,x12097,x12098,x12099,x12100,x12101,x12102,x12103,x12104,x12105,x12106,x12107,x12108,x12109,x12110,x12111,x12112,x12113,x12114,x12115,x12116,x12117,x12118,x12119,x12120,x12121,x12122,x12123,x12124,x12125,x12126,x12127,x12128,x12129,x12130,x12131,x12132,x12133,x12134,x12135,x12136,x12137,x12138,x12139,x12140,x12141,x12142,x12143,x12144,x12145,x12146,x12147,x12148,x12149,x12150,x12151,x12152,x12153,x12154,x12155,x12156,x12157,x12158,x12159,x12160,x12161,x12162,x12163,x12164,x12165,x12166,x12167,x12168,x12169,x12170,x12171,x12172,x12173,x12174,x12175,x12176,x12177,x12178,x12179,x12180,x12181,x12182,x12183,x12184,x12185,x12186,x12187,x12188,x12189,x12190,x12191,x12192,x12193,x12194,x12195,x12196,x12197,x12198,x12199,x12200,x12201,x12202,x12203,x12204,x12205,x12206,x12207,x12208,x12209,x12210,x12211,x12212,x12213,x12214,x12215,x12216,x12217,x12218,x12219,x12220,x12221,x12222,x12223,x12224,x12225,x12226,x12227,x12228,x12229,x12230,x12231,x12232,x12233,x12234,x12235,x12236,x12237,x12238,x12239,x12240,x12241,x12242,x12243,x12244,x12245,x12246,x12247,x12248,x12249,x12250,x12251,x12252,x12253,x12254,x12255,x12256,x12257,x12258,x12259,x12260,x12261,x12262,x12263,x12264,x12265,x12266,x12267,x12268,x12269,x12270,x12271,x12272,x12273,x12274,x12275,x12276,x12277,x12278,x12279,x12280,x12281,x12282,x12283,x12284,x12285,x12286,x12287,x12288,x12289,x12290,x12291,x12292,x12293,x12294,x12295,x12296,x12297,x12298,x12299,x12300,x12301,x12302,x12303,x12304,x12305,x12306,x12307,x12308,x12309,x12310,x12311,x12312,x12313,x12314,x12315,x12316,x12317,x12318,x12319,x12320,x12321,x12322,x12323,x12324,x12325,x12326,x12327,x12328,x12329,x12330,x12331,x12332,x12333,x12334,x12335,x12336,x12337,x12338,x12339,x12340,x12341,x12342,x12343,x12344,x12345,x12346,x12347,x12348,x12349,x12350,x12351,x12352,x12353,x12354,x12355,x12356,x12357,x12358,x12359,x12360,x12361,x12362,x12363,x12364,x12365,x12366,x12367,x12368,x12369,x12370,x12371,x12372,x12373,x12374,x12375,x12376,x12377,x12378,x12379,x12380,x12381,x12382,x12383,x12384,x12385,x12386,x12387,x12388,x12389,x12390,x12391,x12392,x12393,x12394,x12395,x12396,x12397,x12398,x12399,x12400,x12401,x12402,x12403,x12404,x12405,x12406,x12407,x12408,x12409,x12410,x12411,x12412,x12413,x12414,x12415,x12416,x12417,x12418,x12419,x12420,x12421,x12422,x12423,x12424,x12425,x12426,x12427,x12428,x12429,x12430,x12431,x12432,x12433,x12434,x12435,x12436,x12437,x12438,x12439,x12440,x12441,x12442,x12443,x12444,x12445,x12446,x12447,x12448,x12449,x12450,x12451,x12452,x12453,x12454,x12455,x12456,x12457,x12458,x12459,x12460,x12461,x12462,x12463,x12464,x12465,x12466,x12467,x12468,x12469,x12470,x12471,x12472,x12473,x12474,x12475,x12476,x12477,x12478,x12479,x12480,x12481,x12482,x12483,x12484,x12485,x12486,x12487,x12488,x12489,x12490,x12491,x12492,x12493,x12494,x12495,x12496,x12497,x12498,x12499,x12500,x12501,x12502,x12503,x12504,x12505,x12506,x12507,x12508,x12509,x12510,x12511,x12512,x12513,x12514,x12515,x12516,x12517,x12518,x12519,x12520,x12521,x12522,x12523,x12524,x12525,x12526,x12527,x12528,x12529,x12530,x12531,x12532,x12533,x12534,x12535,x12536,x12537,x12538,x12539,x12540,x12541,x12542,x12543,x12544,x12545,x12546,x12547,x12548,x12549,x12550,x12551,x12552,x12553,x12554,x12555,x12556,x12557,x12558,x12559,x12560,x12561,x12562,x12563,x12564,x12565,x12566,x12567,x12568,x12569,x12570,x12571,x12572,x12573,x12574,x12575,x12576,x12577,x12578,x12579,x12580,x12581,x12582,x12583,x12584,x12585,x12586,x12587,x12588,x12589,x12590,x12591,x12592,x12593,x12594,x12595,x12596,x12597,x12598,x12599,x12600,x12601,x12602,x12603,x12604,x12605,x12606,x12607,x12608,x12609,x12610,x12611,x12612,x12613,x12614,x12615,x12616,x12617,x12618,x12619,x12620,x12621,x12622,x12623,x12624,x12625,x12626,x12627,x12628,x12629,x12630,x12631,x12632,x12633,x12634,x12635,x12636,x12637,x12638,x12639,x12640,x12641,x12642,x12643,x12644,x12645,x12646,x12647,x12648,x12649,x12650,x12651,x12652,x12653,x12654,x12655,x12656,x12657,x12658,x12659,x12660,x12661,x12662,x12663,x12664,x12665,x12666,x12667,x12668,x12669,x12670,x12671,x12672,x12673,x12674,x12675,x12676,x12677,x12678,x12679,x12680,x12681,x12682,x12683,x12684,x12685,x12686,x12687,x12688,x12689,x12690,x12691,x12692,x12693,x12694,x12695,x12696,x12697,x12698,x12699,x12700,x12701,x12702,x12703,x12704,x12705,x12706,x12707,x12708,x12709,x12710,x12711,x12712,x12713,x12714,x12715,x12716,x12717,x12718,x12719,x12720,x12721,x12722,x12723,x12724,x12725,x12726,x12727,x12728,x12729,x12730,x12731,x12732,x12733,x12734,x12735,x12736,x12737,x12738,x12739,x12740,x12741,x12742,x12743,x12744,x12745,x12746,x12747,x12748,x12749,x12750,x12751,x12752,x12753,x12754,x12755,x12756,x12757,x12758,x12759,x12760,x12761,x12762,x12763,x12764,x12765,x12766,x12767,x12768,x12769,x12770,x12771,x12772,x12773,x12774,x12775,x12776,x12777,x12778,x12779,x12780,x12781,x12782,x12783,x12784,x12785,x12786,x12787,x12788,x12789,x12790,x12791,x12792,x12793,x12794,x12795,x12796,x12797,x12798,x12799,x12800,x12801,x12802,x12803,x12804,x12805,x12806,x12807,x12808,x12809,x12810,x12811,x12812,x12813,x12814,x12815,x12816,x12817,x12818,x12819,x12820,x12821,x12822,x12823,x12824,x12825,x12826,x12827,x12828,x12829,x12830,x12831,x12832,x12833,x12834,x12835,x12836,x12837,x12838,x12839,x12840,x12841,x12842,x12843,x12844,x12845,x12846,x12847,x12848,x12849,x12850,x12851,x12852,x12853,x12854,x12855,x12856,x12857,x12858,x12859,x12860,x12861,x12862,x12863,x12864,x12865,x12866,x12867,x12868,x12869,x12870,x12871,x12872,x12873,x12874,x12875,x12876,x12877,x12878,x12879,x12880,x12881,x12882,x12883,x12884,x12885,x12886,x12887,x12888,x12889,x12890,x12891,x12892,x12893,x12894,x12895,x12896,x12897,x12898,x12899,x12900,x12901,x12902,x12903,x12904,x12905,x12906,x12907,x12908,x12909,x12910,x12911,x12912,x12913,x12914,x12915,x12916,x12917,x12918,x12919,x12920,x12921,x12922,x12923,x12924,x12925,x12926,x12927,x12928,x12929,x12930,x12931,x12932,x12933,x12934,x12935,x12936,x12937,x12938,x12939,x12940,x12941,x12942,x12943,x12944,x12945,x12946,x12947,x12948,x12949,x12950,x12951,x12952,x12953,x12954,x12955,x12956,x12957,x12958,x12959,x12960,x12961,x12962,x12963,x12964,x12965,x12966,x12967,x12968,x12969,x12970,x12971,x12972,x12973,x12974,x12975,x12976,x12977,x12978,x12979,x12980,x12981,x12982,x12983,x12984,x12985,x12986,x12987,x12988,x12989,x12990,x12991,x12992,x12993,x12994,x12995,x12996,x12997,x12998,x12999,x13000,x13001,x13002,x13003,x13004,x13005,x13006,x13007,x13008,x13009,x13010,x13011,x13012,x13013,x13014,x13015,x13016,x13017,x13018,x13019,x13020,x13021,x13022,x13023,x13024,x13025,x13026,x13027,x13028,x13029,x13030,x13031,x13032,x13033,x13034,x13035,x13036,x13037,x13038,x13039,x13040,x13041,x13042,x13043,x13044,x13045,x13046,x13047,x13048,x13049,x13050,x13051,x13052,x13053,x13054,x13055,x13056,x13057,x13058,x13059,x13060,x13061,x13062,x13063,x13064,x13065,x13066,x13067,x13068,x13069,x13070,x13071,x13072,x13073,x13074,x13075,x13076,x13077,x13078,x13079,x13080,x13081,x13082,x13083,x13084,x13085,x13086,x13087,x13088,x13089,x13090,x13091,x13092,x13093,x13094,x13095,x13096,x13097,x13098,x13099,x13100,x13101,x13102,x13103,x13104,x13105,x13106,x13107,x13108,x13109,x13110,x13111,x13112,x13113,x13114,x13115,x13116,x13117,x13118,x13119,x13120,x13121,x13122,x13123,x13124,x13125,x13126,x13127,x13128,x13129,x13130,x13131,x13132,x13133,x13134,x13135,x13136,x13137,x13138,x13139,x13140,x13141,x13142,x13143,x13144,x13145,x13146,x13147,x13148,x13149,x13150,x13151,x13152,x13153,x13154,x13155,x13156,x13157,x13158,x13159,x13160,x13161,x13162,x13163,x13164,x13165,x13166,x13167,x13168,x13169,x13170,x13171,x13172,x13173,x13174,x13175,x13176,x13177,x13178,x13179,x13180,x13181,x13182,x13183,x13184,x13185,x13186,x13187,x13188,x13189,x13190,x13191,x13192,x13193,x13194,x13195,x13196,x13197,x13198,x13199,x13200,x13201,x13202,x13203,x13204,x13205,x13206,x13207,x13208,x13209,x13210,x13211,x13212,x13213,x13214,x13215,x13216,x13217,x13218,x13219,x13220,x13221,x13222,x13223,x13224,x13225,x13226,x13227,x13228,x13229,x13230,x13231,x13232,x13233,x13234,x13235,x13236,x13237,x13238,x13239,x13240,x13241,x13242,x13243,x13244,x13245,x13246,x13247,x13248,x13249,x13250,x13251,x13252,x13253,x13254,x13255,x13256,x13257,x13258,x13259,x13260,x13261,x13262,x13263,x13264,x13265,x13266,x13267,x13268,x13269,x13270,x13271,x13272,x13273,x13274,x13275,x13276,x13277,x13278,x13279,x13280,x13281,x13282,x13283,x13284,x13285,x13286,x13287,x13288,x13289,x13290,x13291,x13292,x13293,x13294,x13295,x13296,x13297,x13298,x13299,x13300,x13301,x13302,x13303,x13304,x13305,x13306,x13307,x13308,x13309,x13310,x13311,x13312,x13313,x13314,x13315,x13316,x13317,x13318,x13319,x13320,x13321,x13322,x13323,x13324,x13325,x13326,x13327,x13328,x13329,x13330,x13331,x13332,x13333,x13334,x13335,x13336,x13337,x13338,x13339,x13340,x13341,x13342,x13343,x13344,x13345,x13346,x13347,x13348,x13349,x13350,x13351,x13352,x13353,x13354,x13355,x13356,x13357,x13358,x13359,x13360,x13361,x13362,x13363,x13364,x13365,x13366,x13367,x13368,x13369,x13370,x13371,x13372,x13373,x13374,x13375,x13376,x13377,x13378,x13379,x13380,x13381,x13382,x13383,x13384,x13385,x13386,x13387,x13388,x13389,x13390,x13391,x13392,x13393,x13394,x13395,x13396,x13397,x13398,x13399,x13400,x13401,x13402,x13403,x13404,x13405,x13406,x13407,x13408,x13409,x13410,x13411,x13412,x13413,x13414,x13415,x13416,x13417,x13418,x13419,x13420,x13421,x13422,x13423,x13424,x13425,x13426,x13427,x13428,x13429,x13430,x13431,x13432,x13433,x13434,x13435,x13436,x13437,x13438,x13439,x13440,x13441,x13442,x13443,x13444,x13445,x13446,x13447,x13448,x13449,x13450,x13451,x13452,x13453,x13454,x13455,x13456,x13457,x13458,x13459,x13460,x13461,x13462,x13463,x13464,x13465,x13466,x13467,x13468,x13469,x13470,x13471,x13472,x13473,x13474,x13475,x13476,x13477,x13478,x13479,x13480,x13481,x13482,x13483,x13484,x13485,x13486,x13487,x13488,x13489,x13490,x13491,x13492,x13493,x13494,x13495,x13496,x13497,x13498,x13499,x13500,x13501,x13502,x13503,x13504,x13505,x13506,x13507,x13508,x13509,x13510,x13511,x13512,x13513,x13514,x13515,x13516,x13517,x13518,x13519,x13520,x13521,x13522,x13523,x13524,x13525,x13526,x13527,x13528,x13529,x13530,x13531,x13532,x13533,x13534,x13535,x13536,x13537,x13538,x13539,x13540,x13541,x13542,x13543,x13544,x13545,x13546,x13547,x13548,x13549,x13550,x13551,x13552,x13553,x13554,x13555,x13556,x13557,x13558,x13559,x13560,x13561,x13562,x13563,x13564,x13565,x13566,x13567,x13568,x13569,x13570,x13571,x13572,x13573,x13574,x13575,x13576,x13577,x13578,x13579,x13580,x13581,x13582,x13583,x13584,x13585,x13586,x13587,x13588,x13589,x13590,x13591,x13592,x13593,x13594,x13595,x13596,x13597,x13598,x13599,x13600,x13601,x13602,x13603,x13604,x13605,x13606,x13607,x13608,x13609,x13610,x13611,x13612,x13613,x13614,x13615,x13616,x13617,x13618,x13619,x13620,x13621,x13622,x13623,x13624,x13625,x13626,x13627,x13628,x13629,x13630,x13631,x13632,x13633,x13634,x13635,x13636,x13637,x13638,x13639,x13640,x13641,x13642,x13643,x13644,x13645,x13646,x13647,x13648,x13649,x13650,x13651,x13652,x13653,x13654,x13655,x13656,x13657,x13658,x13659,x13660,x13661,x13662,x13663,x13664,x13665,x13666,x13667,x13668,x13669,x13670,x13671,x13672,x13673,x13674,x13675,x13676,x13677,x13678,x13679,x13680,x13681,x13682,x13683,x13684,x13685,x13686,x13687,x13688,x13689,x13690,x13691,x13692,x13693,x13694,x13695,x13696,x13697,x13698,x13699,x13700,x13701,x13702,x13703,x13704,x13705,x13706,x13707,x13708,x13709,x13710,x13711,x13712,x13713,x13714,x13715,x13716,x13717,x13718,x13719,x13720,x13721,x13722,x13723,x13724,x13725,x13726,x13727,x13728,x13729,x13730,x13731,x13732,x13733,x13734,x13735,x13736,x13737,x13738,x13739,x13740,x13741,x13742,x13743,x13744,x13745,x13746,x13747,x13748,x13749,x13750,x13751,x13752,x13753,x13754,x13755,x13756,x13757,x13758,x13759,x13760,x13761,x13762,x13763,x13764,x13765,x13766,x13767,x13768,x13769,x13770,x13771,x13772,x13773,x13774,x13775,x13776,x13777,x13778,x13779,x13780,x13781,x13782,x13783,x13784,x13785,x13786,x13787,x13788,x13789,x13790,x13791,x13792,x13793,x13794,x13795,x13796,x13797,x13798,x13799,x13800,x13801,x13802,x13803,x13804,x13805,x13806,x13807,x13808,x13809,x13810,x13811,x13812,x13813,x13814,x13815,x13816,x13817,x13818,x13819,x13820,x13821,x13822,x13823,x13824,x13825,x13826,x13827,x13828,x13829,x13830,x13831,x13832,x13833,x13834,x13835,x13836,x13837,x13838,x13839,x13840,x13841,x13842,x13843,x13844,x13845,x13846,x13847,x13848,x13849,x13850,x13851,x13852,x13853,x13854,x13855,x13856,x13857,x13858,x13859,x13860,x13861,x13862,x13863,x13864,x13865,x13866,x13867,x13868,x13869,x13870,x13871,x13872,x13873,x13874,x13875,x13876,x13877,x13878,x13879,x13880,x13881,x13882,x13883,x13884,x13885,x13886,x13887,x13888,x13889,x13890,x13891,x13892,x13893,x13894,x13895,x13896,x13897,x13898,x13899,x13900,x13901,x13902,x13903,x13904,x13905,x13906,x13907,x13908,x13909,x13910,x13911,x13912,x13913,x13914,x13915,x13916,x13917,x13918,x13919,x13920,x13921,x13922,x13923,x13924,x13925,x13926,x13927,x13928,x13929,x13930,x13931,x13932,x13933,x13934,x13935,x13936,x13937,x13938,x13939,x13940,x13941,x13942,x13943,x13944,x13945,x13946,x13947,x13948,x13949,x13950,x13951,x13952,x13953,x13954,x13955,x13956,x13957,x13958,x13959,x13960,x13961,x13962,x13963,x13964,x13965,x13966,x13967,x13968,x13969,x13970,x13971,x13972,x13973,x13974,x13975,x13976,x13977,x13978,x13979,x13980,x13981,x13982,x13983,x13984,x13985,x13986,x13987,x13988,x13989,x13990,x13991,x13992,x13993,x13994,x13995,x13996,x13997,x13998,x13999,x14000,x14001,x14002,x14003,x14004,x14005,x14006,x14007,x14008,x14009,x14010,x14011,x14012,x14013,x14014,x14015,x14016,x14017,x14018,x14019,x14020,x14021,x14022,x14023,x14024,x14025,x14026,x14027,x14028,x14029,x14030,x14031,x14032,x14033,x14034,x14035,x14036,x14037,x14038,x14039,x14040,x14041,x14042,x14043,x14044,x14045,x14046,x14047,x14048,x14049,x14050,x14051,x14052,x14053,x14054,x14055,x14056,x14057,x14058,x14059,x14060,x14061,x14062,x14063,x14064,x14065,x14066,x14067,x14068,x14069,x14070,x14071,x14072,x14073,x14074,x14075,x14076,x14077,x14078,x14079,x14080,x14081,x14082,x14083,x14084,x14085,x14086,x14087,x14088,x14089,x14090,x14091,x14092,x14093,x14094,x14095,x14096,x14097,x14098,x14099,x14100,x14101,x14102,x14103,x14104,x14105,x14106,x14107,x14108,x14109,x14110,x14111,x14112,x14113,x14114,x14115,x14116,x14117,x14118,x14119,x14120,x14121,x14122,x14123,x14124,x14125,x14126,x14127,x14128,x14129,x14130,x14131,x14132,x14133,x14134,x14135,x14136,x14137,x14138,x14139,x14140,x14141,x14142,x14143,x14144,x14145,x14146,x14147,x14148,x14149,x14150,x14151,x14152,x14153,x14154,x14155,x14156,x14157,x14158,x14159,x14160,x14161,x14162,x14163,x14164,x14165,x14166,x14167,x14168,x14169,x14170,x14171,x14172,x14173,x14174,x14175,x14176,x14177,x14178,x14179,x14180,x14181,x14182,x14183,x14184,x14185,x14186,x14187,x14188,x14189,x14190,x14191,x14192,x14193,x14194,x14195,x14196,x14197,x14198,x14199,x14200,x14201,x14202,x14203,x14204,x14205,x14206,x14207,x14208,x14209,x14210,x14211,x14212,x14213,x14214,x14215,x14216,x14217,x14218,x14219,x14220,x14221,x14222,x14223,x14224,x14225,x14226,x14227,x14228,x14229,x14230,x14231,x14232,x14233,x14234,x14235,x14236,x14237,x14238,x14239,x14240,x14241,x14242,x14243,x14244,x14245,x14246,x14247,x14248,x14249,x14250,x14251,x14252,x14253,x14254,x14255,x14256,x14257,x14258,x14259,x14260,x14261,x14262,x14263,x14264,x14265,x14266,x14267,x14268,x14269,x14270,x14271,x14272,x14273,x14274,x14275,x14276,x14277,x14278,x14279,x14280,x14281,x14282,x14283,x14284,x14285,x14286,x14287,x14288,x14289,x14290,x14291,x14292,x14293,x14294,x14295,x14296,x14297,x14298,x14299,x14300,x14301,x14302,x14303,x14304,x14305,x14306,x14307,x14308,x14309,x14310,x14311,x14312,x14313,x14314,x14315,x14316,x14317,x14318,x14319,x14320,x14321,x14322,x14323,x14324,x14325,x14326,x14327,x14328,x14329,x14330,x14331,x14332,x14333,x14334,x14335,x14336,x14337,x14338,x14339,x14340,x14341,x14342,x14343,x14344,x14345,x14346,x14347,x14348,x14349,x14350,x14351,x14352,x14353,x14354,x14355,x14356,x14357,x14358,x14359,x14360,x14361,x14362,x14363,x14364,x14365,x14366,x14367,x14368,x14369,x14370,x14371,x14372,x14373,x14374,x14375,x14376,x14377,x14378,x14379,x14380,x14381,x14382,x14383,x14384,x14385,x14386,x14387,x14388,x14389,x14390,x14391,x14392,x14393,x14394,x14395,x14396,x14397,x14398,x14399,x14400,x14401,x14402,x14403,x14404,x14405,x14406,x14407,x14408,x14409,x14410,x14411,x14412,x14413,x14414,x14415,x14416,x14417,x14418,x14419,x14420,x14421,x14422,x14423,x14424,x14425,x14426,x14427,x14428,x14429,x14430,x14431,x14432,x14433,x14434,x14435,x14436,x14437,x14438,x14439,x14440,x14441,x14442,x14443,x14444,x14445,x14446,x14447,x14448,x14449,x14450,x14451,x14452,x14453,x14454,x14455,x14456,x14457,x14458,x14459,x14460,x14461,x14462,x14463,x14464,x14465,x14466,x14467,x14468,x14469,x14470,x14471,x14472,x14473,x14474,x14475,x14476,x14477,x14478,x14479,x14480,x14481,x14482,x14483,x14484,x14485,x14486,x14487,x14488,x14489,x14490,x14491,x14492,x14493,x14494,x14495,x14496,x14497,x14498,x14499,x14500,x14501,x14502,x14503,x14504,x14505,x14506,x14507,x14508,x14509,x14510,x14511,x14512,x14513,x14514,x14515,x14516,x14517,x14518,x14519,x14520,x14521,x14522,x14523,x14524,x14525,x14526,x14527,x14528,x14529,x14530,x14531,x14532,x14533,x14534,x14535,x14536,x14537,x14538,x14539,x14540,x14541,x14542,x14543,x14544,x14545,x14546,x14547,x14548,x14549,x14550,x14551,x14552,x14553,x14554,x14555,x14556,x14557,x14558,x14559,x14560,x14561,x14562,x14563,x14564,x14565,x14566,x14567,x14568,x14569,x14570,x14571,x14572,x14573,x14574,x14575,x14576,x14577,x14578,x14579,x14580,x14581,x14582,x14583,x14584,x14585,x14586,x14587,x14588,x14589,x14590,x14591,x14592,x14593,x14594,x14595,x14596,x14597,x14598,x14599,x14600,x14601,x14602,x14603,x14604,x14605,x14606,x14607,x14608,x14609,x14610,x14611,x14612,x14613,x14614,x14615,x14616,x14617,x14618,x14619,x14620,x14621,x14622,x14623,x14624,x14625,x14626,x14627,x14628,x14629,x14630,x14631,x14632,x14633,x14634,x14635,x14636,x14637,x14638,x14639,x14640,x14641,x14642,x14643,x14644,x14645,x14646,x14647,x14648,x14649,x14650,x14651,x14652,x14653,x14654,x14655,x14656,x14657,x14658,x14659,x14660,x14661,x14662,x14663,x14664,x14665,x14666,x14667,x14668,x14669,x14670,x14671,x14672,x14673,x14674,x14675,x14676,x14677,x14678,x14679,x14680,x14681,x14682,x14683,x14684,x14685,x14686,x14687,x14688,x14689,x14690,x14691,x14692,x14693,x14694,x14695,x14696,x14697,x14698,x14699,x14700,x14701,x14702,x14703,x14704,x14705,x14706,x14707,x14708,x14709,x14710,x14711,x14712,x14713,x14714,x14715,x14716,x14717,x14718,x14719,x14720,x14721,x14722,x14723,x14724,x14725,x14726,x14727,x14728,x14729,x14730,x14731,x14732,x14733,x14734,x14735,x14736,x14737,x14738,x14739,x14740,x14741,x14742,x14743,x14744,x14745,x14746,x14747,x14748,x14749,x14750,x14751,x14752,x14753,x14754,x14755,x14756,x14757,x14758,x14759,x14760,x14761,x14762,x14763,x14764,x14765,x14766,x14767,x14768,x14769,x14770,x14771,x14772,x14773,x14774,x14775,x14776,x14777,x14778,x14779,x14780,x14781,x14782,x14783,x14784,x14785,x14786,x14787,x14788,x14789,x14790,x14791,x14792,x14793,x14794,x14795,x14796,x14797,x14798,x14799,x14800,x14801,x14802,x14803,x14804,x14805,x14806,x14807,x14808,x14809,x14810,x14811,x14812,x14813,x14814,x14815,x14816,x14817,x14818,x14819,x14820,x14821,x14822,x14823,x14824,x14825,x14826,x14827,x14828,x14829,x14830,x14831,x14832,x14833,x14834,x14835,x14836,x14837,x14838,x14839,x14840,x14841,x14842,x14843,x14844,x14845,x14846,x14847,x14848,x14849,x14850,x14851,x14852,x14853,x14854,x14855,x14856,x14857,x14858,x14859,x14860,x14861,x14862,x14863,x14864,x14865,x14866,x14867,x14868,x14869,x14870,x14871,x14872,x14873,x14874,x14875,x14876,x14877,x14878,x14879,x14880,x14881,x14882,x14883,x14884,x14885,x14886,x14887,x14888,x14889,x14890,x14891,x14892,x14893,x14894,x14895,x14896,x14897,x14898,x14899,x14900,x14901,x14902,x14903,x14904,x14905,x14906,x14907,x14908,x14909,x14910,x14911,x14912,x14913,x14914,x14915,x14916,x14917,x14918,x14919,x14920,x14921,x14922,x14923,x14924,x14925,x14926,x14927,x14928,x14929,x14930,x14931,x14932,x14933,x14934,x14935,x14936,x14937,x14938,x14939,x14940,x14941,x14942,x14943,x14944,x14945,x14946,x14947,x14948,x14949,x14950,x14951,x14952,x14953,x14954,x14955,x14956,x14957,x14958,x14959,x14960,x14961,x14962,x14963,x14964,x14965,x14966,x14967,x14968,x14969,x14970,x14971,x14972,x14973,x14974,x14975,x14976,x14977,x14978,x14979,x14980,x14981,x14982,x14983,x14984,x14985,x14986,x14987,x14988,x14989,x14990,x14991,x14992,x14993,x14994,x14995,x14996,x14997,x14998,x14999,x15000,x15001,x15002,x15003,x15004,x15005,x15006,x15007,x15008,x15009,x15010,x15011,x15012,x15013,x15014,x15015,x15016,x15017,x15018,x15019,x15020,x15021,x15022,x15023,x15024,x15025,x15026,x15027,x15028,x15029,x15030,x15031,x15032,x15033,x15034,x15035,x15036,x15037,x15038,x15039,x15040,x15041,x15042,x15043,x15044,x15045,x15046,x15047,x15048,x15049,x15050,x15051,x15052,x15053,x15054,x15055,x15056,x15057,x15058,x15059,x15060,x15061,x15062,x15063,x15064,x15065,x15066,x15067,x15068,x15069,x15070,x15071,x15072,x15073,x15074,x15075,x15076,x15077,x15078,x15079,x15080,x15081,x15082,x15083,x15084,x15085,x15086,x15087,x15088,x15089,x15090,x15091,x15092,x15093,x15094,x15095,x15096,x15097,x15098,x15099,x15100,x15101,x15102,x15103,x15104,x15105,x15106,x15107,x15108,x15109,x15110,x15111,x15112,x15113,x15114,x15115,x15116,x15117,x15118,x15119,x15120,x15121,x15122,x15123,x15124,x15125,x15126,x15127,x15128,x15129,x15130,x15131,x15132,x15133,x15134,x15135,x15136,x15137,x15138,x15139,x15140,x15141,x15142,x15143,x15144,x15145,x15146,x15147,x15148,x15149,x15150,x15151,x15152,x15153,x15154,x15155,x15156,x15157,x15158,x15159,x15160,x15161,x15162,x15163,x15164,x15165,x15166,x15167,x15168,x15169,x15170,x15171,x15172,x15173,x15174,x15175,x15176,x15177,x15178,x15179,x15180,x15181,x15182,x15183,x15184,x15185,x15186,x15187,x15188,x15189,x15190,x15191,x15192,x15193,x15194,x15195,x15196,x15197,x15198,x15199,x15200,x15201,x15202,x15203,x15204,x15205,x15206,x15207,x15208,x15209,x15210,x15211,x15212,x15213,x15214,x15215,x15216,x15217,x15218,x15219,x15220,x15221,x15222,x15223,x15224,x15225,x15226,x15227,x15228,x15229,x15230,x15231,x15232,x15233,x15234,x15235,x15236,x15237,x15238,x15239,x15240,x15241,x15242,x15243,x15244,x15245,x15246,x15247,x15248,x15249,x15250,x15251,x15252,x15253,x15254,x15255,x15256,x15257,x15258,x15259,x15260,x15261,x15262,x15263,x15264,x15265,x15266,x15267,x15268,x15269,x15270,x15271,x15272,x15273,x15274,x15275,x15276,x15277,x15278,x15279,x15280,x15281,x15282,x15283,x15284,x15285,x15286,x15287,x15288,x15289,x15290,x15291,x15292,x15293,x15294,x15295,x15296,x15297,x15298,x15299,x15300,x15301,x15302,x15303,x15304,x15305,x15306,x15307,x15308,x15309,x15310,x15311,x15312,x15313,x15314,x15315,x15316,x15317,x15318,x15319,x15320,x15321,x15322,x15323,x15324,x15325,x15326,x15327,x15328,x15329,x15330,x15331,x15332,x15333,x15334,x15335,x15336,x15337,x15338,x15339,x15340,x15341,x15342,x15343,x15344,x15345,x15346,x15347,x15348,x15349,x15350,x15351,x15352,x15353,x15354,x15355,x15356,x15357,x15358,x15359,x15360,x15361,x15362,x15363,x15364,x15365,x15366,x15367,x15368,x15369,x15370,x15371,x15372,x15373,x15374,x15375,x15376,x15377,x15378,x15379,x15380,x15381,x15382,x15383,x15384,x15385,x15386,x15387,x15388,x15389,x15390,x15391,x15392,x15393,x15394,x15395,x15396,x15397,x15398,x15399,x15400,x15401,x15402,x15403,x15404,x15405,x15406,x15407,x15408,x15409,x15410,x15411,x15412,x15413,x15414,x15415,x15416,x15417,x15418,x15419,x15420,x15421,x15422,x15423,x15424,x15425,x15426,x15427,x15428,x15429,x15430,x15431,x15432,x15433,x15434,x15435,x15436,x15437,x15438,x15439,x15440,x15441,x15442,x15443,x15444,x15445,x15446,x15447,x15448,x15449,x15450,x15451,x15452,x15453,x15454,x15455,x15456,x15457,x15458,x15459,x15460,x15461,x15462,x15463,x15464,x15465,x15466,x15467,x15468,x15469,x15470,x15471,x15472,x15473,x15474,x15475,x15476,x15477,x15478,x15479,x15480,x15481,x15482,x15483,x15484,x15485,x15486,x15487,x15488,x15489,x15490,x15491,x15492,x15493,x15494,x15495,x15496,x15497,x15498,x15499,x15500,x15501,x15502,x15503,x15504,x15505,x15506,x15507,x15508,x15509,x15510,x15511,x15512,x15513,x15514,x15515,x15516,x15517,x15518,x15519,x15520,x15521,x15522,x15523,x15524,x15525,x15526,x15527,x15528,x15529,x15530,x15531,x15532,x15533,x15534,x15535,x15536,x15537,x15538,x15539,x15540,x15541,x15542,x15543,x15544,x15545,x15546,x15547,x15548,x15549,x15550,x15551,x15552,x15553,x15554,x15555,x15556,x15557,x15558,x15559,x15560,x15561,x15562,x15563,x15564,x15565,x15566,x15567,x15568,x15569,x15570,x15571,x15572,x15573,x15574,x15575,x15576,x15577,x15578,x15579,x15580,x15581,x15582,x15583,x15584,x15585,x15586,x15587,x15588,x15589,x15590,x15591,x15592,x15593,x15594,x15595,x15596,x15597,x15598,x15599,x15600,x15601,x15602,x15603,x15604,x15605,x15606,x15607,x15608,x15609,x15610,x15611,x15612,x15613,x15614,x15615,x15616,x15617,x15618,x15619,x15620,x15621,x15622,x15623,x15624,x15625,x15626,x15627,x15628,x15629,x15630,x15631,x15632,x15633,x15634,x15635,x15636,x15637,x15638,x15639,x15640,x15641,x15642,x15643,x15644,x15645,x15646,x15647,x15648,x15649,x15650,x15651,x15652,x15653,x15654,x15655,x15656,x15657,x15658,x15659,x15660,x15661,x15662,x15663,x15664,x15665,x15666,x15667,x15668,x15669,x15670,x15671,x15672,x15673,x15674,x15675,x15676,x15677,x15678,x15679,x15680,x15681,x15682,x15683,x15684,x15685,x15686,x15687,x15688,x15689,x15690,x15691,x15692,x15693,x15694,x15695,x15696,x15697,x15698,x15699,x15700,x15701,x15702,x15703,x15704,x15705,x15706,x15707,x15708,x15709,x15710,x15711,x15712,x15713,x15714,x15715,x15716,x15717,x15718,x15719,x15720,x15721,x15722,x15723,x15724,x15725,x15726,x15727,x15728,x15729,x15730,x15731,x15732,x15733,x15734,x15735,x15736,x15737,x15738,x15739,x15740,x15741,x15742,x15743,x15744,x15745,x15746,x15747,x15748,x15749,x15750,x15751,x15752,x15753,x15754,x15755,x15756,x15757,x15758,x15759,x15760,x15761,x15762,x15763,x15764,x15765,x15766,x15767,x15768,x15769,x15770,x15771,x15772,x15773,x15774,x15775,x15776,x15777,x15778,x15779,x15780,x15781,x15782,x15783,x15784,x15785,x15786,x15787,x15788,x15789,x15790,x15791,x15792,x15793,x15794,x15795,x15796,x15797,x15798,x15799,x15800,x15801,x15802,x15803,x15804,x15805,x15806,x15807,x15808,x15809,x15810,x15811,x15812,x15813,x15814,x15815,x15816,x15817,x15818,x15819,x15820,x15821,x15822,x15823,x15824,x15825,x15826,x15827,x15828,x15829,x15830,x15831,x15832,x15833,x15834,x15835,x15836,x15837,x15838,x15839,x15840,x15841,x15842,x15843,x15844,x15845,x15846,x15847,x15848,x15849,x15850,x15851,x15852,x15853,x15854,x15855,x15856,x15857,x15858,x15859,x15860,x15861,x15862,x15863,x15864,x15865,x15866,x15867,x15868,x15869,x15870,x15871,x15872,x15873,x15874,x15875,x15876,x15877,x15878,x15879,x15880,x15881,x15882,x15883,x15884,x15885,x15886,x15887,x15888,x15889,x15890,x15891,x15892,x15893,x15894,x15895,x15896,x15897,x15898,x15899,x15900,x15901,x15902,x15903,x15904,x15905,x15906,x15907,x15908,x15909,x15910,x15911,x15912,x15913,x15914,x15915,x15916,x15917,x15918,x15919,x15920,x15921,x15922,x15923,x15924,x15925,x15926,x15927,x15928,x15929,x15930,x15931,x15932,x15933,x15934,x15935,x15936,x15937,x15938,x15939,x15940,x15941,x15942,x15943,x15944,x15945,x15946,x15947,x15948,x15949,x15950,x15951,x15952,x15953,x15954,x15955,x15956,x15957,x15958,x15959,x15960,x15961,x15962,x15963,x15964,x15965,x15966,x15967,x15968,x15969,x15970,x15971,x15972,x15973,x15974,x15975,x15976,x15977,x15978,x15979,x15980,x15981,x15982,x15983,x15984,x15985,x15986,x15987,x15988,x15989,x15990,x15991,x15992,x15993,x15994,x15995,x15996,x15997,x15998,x15999,x16000,x16001,x16002,x16003,x16004,x16005,x16006,x16007,x16008,x16009,x16010,x16011,x16012,x16013,x16014,x16015,x16016,x16017,x16018,x16019,x16020,x16021,x16022,x16023,x16024,x16025,x16026,x16027,x16028,x16029,x16030,x16031,x16032,x16033,x16034,x16035,x16036,x16037,x16038,x16039,x16040,x16041,x16042,x16043,x16044,x16045,x16046,x16047,x16048,x16049,x16050,x16051,x16052,x16053,x16054,x16055,x16056,x16057,x16058,x16059,x16060,x16061,x16062,x16063,x16064,x16065,x16066,x16067,x16068,x16069,x16070,x16071,x16072,x16073,x16074,x16075,x16076,x16077,x16078,x16079,x16080,x16081,x16082,x16083,x16084,x16085,x16086,x16087,x16088,x16089,x16090,x16091,x16092,x16093,x16094,x16095,x16096,x16097,x16098,x16099,x16100,x16101,x16102,x16103,x16104,x16105,x16106,x16107,x16108,x16109,x16110,x16111,x16112,x16113,x16114,x16115,x16116,x16117,x16118,x16119,x16120,x16121,x16122,x16123,x16124,x16125,x16126,x16127,x16128
5.787673821753645e-9,6.022352605647403e-9,5.7518565680577355e-9,5.853657188110123e-9,5.9312178818282914e-9,5.8226549808531985e-9,5.864937241853891e-9,5.916872956898864e-9,5.977835973901283e-9,6.0109205748481685e-9,5.886960468134917e-9,5.936951369966417e-9,6.0022667393018e-9,6.4597401100969945e-9,6.537016518406623e-9,6.496447710762395e-9,6.5589100192612915e-9,6.612165834508446e-9,6.691421954080579e-9,6.7201984089420775e-9,6.635055737502639e-9,6.624956807834399e-9,6.42270225638815e-9,6.365577501870283e-9,5.435119426988129e-9,6.1020399549235735e-9,6.031093178033123e-9,6.001921687816602e-9,5.252346510157704e-9,5.871978078129981e-9,5.7146529775575565e-9,5.6490949089132585e-9,5.005540208535571e-9,5.485174976754584e-9,5.4194929247416905e-9,5.32607253455314e-9,4.880075807398254e-9,5.244582527421448e-9,5.2524715085617026e-9,5.2764464190799966e-9,4.740756014450416e-9,5.2526626330533605e-9,5.279407258019611e-9,5.32287400975755e-9,4.789478149305432e-9,5.343658441276951e-9,5.4046395206269285e-9,5.50023279879999e-9,4.995246027103471e-9,5.715655401285969e-9,5.827079201029506e-9,6.002166175379272e-9,5.387367727436516e-9,6.195312383728661e-9,6.289020289878033e-9,6.292844272004572e-9,5.55098398500928e-9,6.395438402838968e-9,6.440292391384084e-9,6.514275387134074e-9,5.5968604712486915e-9,6.6868095833306905e-9,6.74259329499414e-9,6.823937791986687e-9,5.895653744553606e-9,6.7970966761630476e-9,6.858164061153261e-9,6.866940088120939e-9,6.8661889474709514e-9,6.835223414696701e-9,6.6182366380561855e-9,6.544189110692426e-9,6.572107111704333e-9,6.8679453624221425e-9,7.12006226648443e-9,6.793418444458878e-9,7.051428306868645e-9,7.358271202404509e-9,7.757388567137209e-9,7.314138232545143e-9,6.512389502856469e-9,5.764149445803011e-9,5.7048994478083575e-9,5.6788647925725325e-9,5.62348084834803e-9,5.837294004246906e-9,6.035429274400491e-9,5.954041074710499e-9,6.040972801442771e-9,7.190167057375266e-9,7.147365167374251e-9,7.2902013919962425e-9,6.32556907179839e-9,7.434824189653928e-9,7.52273979570802e-9,7.4487845650722e-9,6.68935714060192e-9,7.497801501201725e-9,7.400755002599942e-9,7.341081869747731e-9,6.382601796553316e-9,6.9835035591685225e-9,6.876134460971039e-9,6.849323426176755e-9,6.069819614939897e-9,6.597632534159844e-9,6.53562014183948e-9,6.514274217225233e-9,5.779436189551842e-9,6.664432057201938e-9,6.6181605399433325e-9,6.7791023322251354e-9,6.0979790542662305e-9,7.109037643435186e-9,7.270737818631982e-9,7.190430957088428e-9,6.593316963688268e-9,7.398528296873981e-9,7.491102011495582e-9,7.634862677934435e-9,6.526539806367062e-9,7.593418980209777e-9,7.593846290531686e-9,7.636385305513076e-9,6.5263528290228874e-9,7.52410526429198e-9,7.544075261897929e-9,7.550065046048578e-9,6.346035479058618e-9,7.567048153652888e-9,7.326150413426717e-9,7.327587462290155e-9,6.104036222226151e-9,7.42262585780218e-9,7.500533762096193e-9,7.278266289119264e-9,6.4040318586934135e-9,7.410460866426095e-9,7.456554692803359e-9,7.586836769107236e-9,6.211447209004048e-9,7.499429350818055e-9,7.61081739103109e-9,7.777866402046361e-9,6.514854630117711e-9,7.70254219183334e-9,7.772531879785708e-9,7.91158697478705e-9,6.611715976780849e-9,8.133604993752884e-9,7.806815879462625e-9,7.91531523961667e-9,6.649576888018414e-9,8.066940142615579e-9,8.108126144546393e-9,7.787621438777347e-9,6.583454733950733e-9,7.94562668740833e-9,7.96578395360194e-9,8.029475627756947e-9,6.48761450427205e-9,7.808895905262912e-9,7.812781853149584e-9,7.891792834642368e-9,6.45798054876073e-9,7.605862329811283e-9,7.626882508919748e-9,7.659557389952047e-9,6.5384196441692925e-9,7.673458574425401e-9,7.083338687429876e-9,6.992848773233911e-9,7.0135824996316185e-9,6.989713397387624e-9,7.025502893331409e-9,6.6793108547402714e-9,6.805571093806186e-9,6.868453937712481e-9,6.947358287753827e-9,7.0477033592859265e-9,6.807708068277081e-9,6.996217280419326e-9,6.971346516987242e-9,6.884366055490357e-9,6.840222014507307e-9,6.478354015220551e-9,6.489275031926334e-9,6.451327746077889e-9,6.440451497091143e-9,6.393832512958698e-9,6.132938485390159e-9,6.076699429542189e-9,6.018643017442267e-9,6.127486370210115e-9,6.470194666496221e-9,6.33274997149226e-9,6.683093697001761e-9,6.7762272586032485e-9,6.899117438158155e-9,7.028714157407596e-9,6.8442531061468995e-9,6.950364176539351e-9,6.912711872896373e-9,6.490457924253587e-9,5.909208028252136e-9,5.8375385613885996e-9,5.706239946794542e-9,5.7863292167582825e-9,5.846973876593614e-9,5.725441717816018e-9,7.203922241561721e-9,7.3710128980816055e-9,6.241554570961463e-9,7.491647644650821e-9,7.482927015145606e-9,7.170920696716918e-9,6.159321349049075e-9,7.150873445433909e-9,7.187718437447056e-9,7.290874077680619e-9,6.330757543354747e-9,7.614644268813534e-9,7.704778182190104e-9,7.783172074365232e-9,6.543473187431966e-9,7.754242256525029e-9,7.765133373279949e-9,7.766126634898038e-9,6.621619532224898e-9,7.745949989372854e-9,7.622394118954447e-9,7.657111894468651e-9,6.517162116895285e-9,7.647029704229687e-9,7.627963694522543e-9,7.52639753472318e-9,6.468506084529497e-9,7.527563008582873e-9,7.517323006021135e-9,7.507249693543866e-9,6.404554798869996e-9,7.4092450015982295e-9,7.419259509267932e-9,7.455812681916299e-9,6.265230722890563e-9,7.3684571970150215e-9,7.366827394718882e-9,7.37156657397962e-9,6.1736100562102125e-9,7.378426655902628e-9,7.251070452065713e-9,7.286038495316871e-9,6.11391886815757e-9,7.3837473974562946e-9,7.409625385744404e-9,7.348105371675552e-9,6.325464168236891e-9,7.425893427015719e-9,7.462763926320688e-9,7.506622786642166e-9,7.45813734685169e-9,7.4939851602372e-9,7.467697902555792e-9,7.450574819984679e-9,7.443119138743989e-9,7.329396697718139e-9,7.321115621005934e-9,7.292772697096599e-9,7.272898217495316e-9,7.239156910951299e-9,7.089986757483995e-9,7.06958914973605e-9,7.043354945516104e-9,7.017301617584607e-9,6.997389384676181e-9,6.8476433025711685e-9,6.823814062099055e-9,6.8150965839311046e-9,6.814052226134395e-9,6.827119642958009e-9,6.714366219243148e-9,6.711159875251088e-9,6.728185558297847e-9,6.7441336893990786e-9,6.76310729919494e-9,6.635541728594944e-9,6.649342174418045e-9,6.661835213979373e-9,6.6788786737898004e-9,6.6876296979974415e-9,6.575449470908821e-9,6.60137030141319e-9,6.632370897766202e-9,6.644712103155919e-9,6.664501525465932e-9,6.562221006036788e-9,6.59690790515452e-9,6.609792166002782e-9,6.63011500356459e-9,6.658686426298136e-9,6.559440896983857e-9,6.557069064877441e-9,6.570567189828978e-9,6.583093425985135e-9,6.609249168337907e-9,6.4826011851046406e-9,6.489105265987382e-9,6.496294623526698e-9,6.503383396601297e-9,6.482374462998504e-9,6.328809227479622e-9,6.2824139919238776e-9,6.328113810537686e-9,6.425635208290987e-9,6.506701995871079e-9,6.434092717989262e-9,6.509157633719016e-9,6.552557684634118e-9,6.605531589300613e-9,6.636382912313831e-9,6.549625727354488e-9,6.563639465675319e-9,6.559459699518644e-9,6.588369330934361e-9,5.541183799641097e-9,6.532772005195617e-9,6.542966633058586e-9,6.559679274360509e-9,5.502653395110782e-9,6.6163858994271444e-9,6.512092669437578e-9,6.551496862930567e-9,6.615408765930988e-9,6.640230129859254e-9,6.679762368995209e-9,6.601451733625066e-9,6.6627976865669275e-9,6.7057073868153035e-9,6.747589071268535e-9,6.7958979645738634e-9,6.742143404886164e-9,6.7844818687951916e-9,6.773536712487462e-9,6.779012984848786e-9,6.791677214158985e-9,6.662140607126163e-9,6.653935825615804e-9,6.631498263102199e-9,6.624786832013471e-9,6.590791473312932e-9,6.388607821373319e-9,6.302051914835748e-9,6.3350740577257625e-9,6.4521674646058326e-9,6.5498074840879755e-9,6.425537412030214e-9,6.529376865353273e-9,6.5922509126736454e-9,6.661947523758669e-9,6.750279470953522e-9,6.645830383009488e-9,6.738982476697819e-9,6.932893717657749e-9,7.210782338583465e-9,7.404346013626096e-9,7.079871229960604e-9,7.5237055667734e-9,7.70167941857577e-9,7.328500767810184e-9,6.90704709649602e-9,5.825753152577174e-9,5.880547105109921e-9,5.815308355747416e-9,5.4538552608263e-9,6.031999854095907e-9,5.338967571363947e-9,5.313831422157827e-9,5.406483248510812e-9,5.475417568290043e-9,5.859547423326242e-9,5.761014750436523e-9,5.776090535255896e-9,5.73064319342024e-9,5.708720636962493e-9,5.772666057235501e-9,5.6834099879729365e-9,5.702973591687245e-9,5.837743393719826e-9,5.974372724264636e-9,6.030358515725969e-9,5.9026082178320925e-9,6.08656974590423e-9,6.282180774412413e-9,6.413331100292695e-9,6.593517884387786e-9,6.74999427576388e-9,7.037233786249987e-9,6.722779955892388e-9,6.444004383364833e-9,6.214727191756365e-9,5.945720391934039e-9,5.777130248210208e-9,5.675727075247942e-9,5.7585731508751266e-9,5.852526184651838e-9,5.5029475294219685e-9,5.560766886665426e-9,5.56812487421759e-9,5.617463172975689e-9,5.669027651756128e-9,5.61295972346997e-9,5.702024158047287e-9,5.767876368493049e-9,5.784719676226644e-9,5.840545644080607e-9,5.689062270866471e-9,5.667284392378702e-9,5.626122789437401e-9,5.603719061628274e-9,5.5886514185043655e-9,5.455977737678408e-9,5.4173265536724475e-9,5.364039113198595e-9,5.3261930576837555e-9,5.303619556845953e-9,5.166649263091802e-9,5.121249682360126e-9,5.1396172074647405e-9,5.156395106659032e-9,5.1740592261475005e-9,5.148961080659284e-9,5.188843981369923e-9,5.2315757831360105e-9,5.213904702121297e-9,5.214913565843711e-9,5.1851106974962975e-9,5.208731324897128e-9,5.216857931127915e-9,5.230619008689586e-9,5.235994284576106e-9,5.192059919189866e-9,5.1824140929329545e-9,5.1703034329451555e-9,5.165094845157655e-9,5.177490732867502e-9,5.131017902880934e-9,5.131484838714324e-9,5.1256114363296866e-9,5.121688032619474e-9,5.110712714871374e-9,5.063900155565222e-9,5.0540036594675954e-9,5.046100389592762e-9,5.032407678166618e-9,5.032977051846912e-9,5.009728794681626e-9,5.007377263859844e-9,5.063247205613717e-9,5.092986805277393e-9,5.14016525495055e-9,5.181644283254759e-9,5.192488408425803e-9,5.2699519753908124e-9,5.3080657378818195e-9,5.374927430648908e-9,5.229750860820322e-9,5.355792940898053e-9,5.425957702065094e-9,5.494496055197728e-9,5.5354453826469826e-9,5.385625783193501e-9,5.407865699991662e-9,5.423551106413472e-9,5.412664756156636e-9,5.434751498884943e-9,5.356429080437324e-9,5.333846596242695e-9,5.281753142578839e-9,5.228662905197109e-9,5.1909134300533565e-9,5.1133600368580926e-9,5.163245897447138e-9,5.200744563574133e-9,5.254840505759045e-9,5.3133854868517654e-9,5.262683933969473e-9,5.301727950296821e-9,5.3981985859550375e-9,5.516946203560321e-9,5.678206420556581e-9,5.585729974526873e-9,5.7759115175797435e-9,5.738450899541915e-9,5.7492170019892854e-9,5.6037209611821795e-9,5.458028617067505e-9,5.7362286584010996e-9,5.643908895001817e-9,5.979487387903284e-9,6.073439472111932e-9,5.5641314562779244e-9,5.630312319329724e-9,5.669196993483035e-9,5.697815308823964e-9,5.735776587903373e-9,5.70162929629499e-9,5.7548006718465805e-9,5.809978349813457e-9,5.866570078078548e-9,5.900301309578207e-9,5.843071435809829e-9,5.871412530432657e-9,5.896458400612755e-9,5.908548848733591e-9,5.918866071501845e-9,5.837775219516078e-9,5.84451595997634e-9,5.835339809380433e-9,5.8316079332793335e-9,5.831889785106939e-9,5.744071214487942e-9,5.738006023221058e-9,5.7377230908622045e-9,5.731588351004311e-9,5.7346214515320186e-9,5.63354814510833e-9,5.630913391744549e-9,5.629793292982446e-9,5.636779770434307e-9,5.631018984907212e-9,5.544888179384355e-9,5.552670782815698e-9,5.565888569907685e-9,5.568193716267426e-9,5.5801484965806905e-9,5.4996117285952085e-9,5.512432521722513e-9,5.518504198327258e-9,5.531383445549226e-9,5.538212562739925e-9,5.461738662563566e-9,5.466808767783011e-9,5.483595516126968e-9,5.501008000046023e-9,5.517317951079198e-9,5.436032958526536e-9,5.448454335133609e-9,5.469370869319653e-9,5.498416082737248e-9,5.515110789532698e-9,5.4459479981470124e-9,5.465500617945831e-9,5.483724461938121e-9,5.505054199287845e-9,5.5345507616915705e-9,5.466971201966611e-9,5.498744748186075e-9,5.523004093959519e-9,5.549770871069811e-9,5.58037633105511e-9,5.503242779634895e-9,5.518405819103919e-9,5.538220804987815e-9,5.55454257395074e-9,5.5607124388308195e-9,5.452335824744558e-9,5.470247906142478e-9,5.609996621056188e-9,5.872239967340352e-9,6.371552476032401e-9,6.2736471452969385e-9,6.297825531109282e-9,6.402915746456289e-9,6.510886079896819e-9,6.591496131505396e-9,6.535822713890781e-9,6.603601537420684e-9,6.596859572370842e-9,6.607198521981206e-9,6.623283663555003e-9,5.538922104896177e-9,6.5759683935129505e-9,6.566170727463679e-9,6.57580734126145e-9,5.446552804256965e-9,6.5121581626627925e-9,6.525653835355214e-9,6.535541968283521e-9,5.466997691567634e-9,6.582972322890496e-9,6.50566169651063e-9,6.554782624202853e-9,5.449932093181857e-9,6.606243196376599e-9,6.612220240413301e-9,6.5663830863786055e-9,5.4974509806895374e-9,6.6079729385281026e-9,6.621742878011124e-9,6.632243902012897e-9,5.532609493602e-9,6.5871998299820055e-9,6.617171037539447e-9,6.6657285267558115e-9,5.5671191732456465e-9,6.649731734568841e-9,6.673550284150503e-9,6.705529216081375e-9,5.594641512198103e-9,6.771685396364409e-9,6.70499915285505e-9,6.75565677544325e-9,5.582011902163051e-9,6.743405720278807e-9,6.695834349649062e-9,6.417033859655518e-9,5.4913710067502555e-9,6.355909810683433e-9,6.33479656123844e-9,6.336901707208172e-9,5.4709480228276965e-9,6.21429581773224e-9,6.244885315715575e-9,6.328627893064508e-9,5.559055247973238e-9,6.3564854209402724e-9,6.473829382740788e-9,6.768676100376827e-9,5.672095226151325e-9,6.955117857523086e-9,6.928032278600912e-9,6.991890463566609e-9,7.0193302043011564e-9,7.014633470598243e-9,7.0265188641521805e-9,6.912812589253743e-9,6.9229093788324624e-9,6.917648923198952e-9,6.922189947517935e-9,6.938758636282012e-9,6.835886200233104e-9,6.837014004059428e-9,6.853665883399374e-9,6.875499646454714e-9,6.893076921119756e-9,6.707176308052239e-9,6.697057700846549e-9,6.678560577195443e-9,6.655787014343927e-9,6.5786815874784145e-9,6.239532141917733e-9,5.984641181468491e-9,6.1701481541420805e-9,6.207136639208466e-9,6.3609117811825475e-9,5.8508466693141814e-9,5.568190534471366e-9,5.553563873769821e-9,5.732789126537267e-9,5.895129082620698e-9,6.133831115162778e-9,6.0871644740339085e-9,6.944750247066638e-9,6.845259243994356e-9,6.7777546599558134e-9,6.889204380635487e-9,7.045320803098929e-9,7.154918031338469e-9,7.204839128861679e-9,7.239602229701281e-9,6.981998352632457e-9,7.009047262427066e-9,7.0462823537861485e-9,7.096408436437366e-9,7.179394953404356e-9,6.867427197532082e-9,6.884800876298226e-9,6.906069433904305e-9,7.065899837551513e-9,7.237209360791066e-9,7.0251674200073455e-9,7.138277666402061e-9,7.2435533543609914e-9,7.3511808917706155e-9,6.323178669464259e-9,7.341945364231676e-9,7.477060008741673e-9,7.498553183552377e-9,7.482538014283945e-9,7.405792896065589e-9,6.878199928331913e-9,6.759463789703572e-9,6.7437282172131125e-9,6.7899349379955545e-9,6.9459506869344e-9,6.6569946581320395e-9,6.806292046037263e-9,6.9485594422906346e-9,7.095180180142947e-9,7.249594843427654e-9,7.078388231512873e-9,7.1265080234145154e-9,6.994225416189515e-9,6.572981111586834e-9,6.276653657128765e-9,6.297781245967647e-9,6.290395924113029e-9,6.2820117613297e-9,6.271302580896799e-9,6.229535244093835e-9,6.158896669523595e-9,6.124862487475744e-9,6.0786519387862815e-9,6.042631111936375e-9,6.0284538428957785e-9,6.036005858671468e-9,6.077104888289031e-9,6.111343760509836e-9,6.137178085797672e-9,6.1206949547629525e-9,6.179674313973046e-9,6.157080128269499e-9,6.09078472256698e-9,6.098172257886127e-9,6.034800418646562e-9,5.960291293716895e-9,5.910496600324146e-9,5.8722583679827e-9,5.8389371319913425e-9,5.821811047832632e-9,5.786133555616523e-9,5.765949388538151e-9,5.743481377655304e-9,5.693370092892709e-9,5.655694754399844e-9,5.589850699490511e-9,5.551332393366704e-9,5.497181135751119e-9,5.451197154217117e-9,5.369252729069707e-9,5.281078707510158e-9,5.224931843227953e-9,5.156416732503077e-9,5.090797880417485e-9,5.0323424515190626e-9,4.988841183702524e-9,4.954636691486701e-9,4.922786181973553e-9,4.8973280812707444e-9,4.871490756931125e-9,4.85884994363757e-9,4.857444197093854e-9,4.848432112099477e-9,4.842294997312993e-9,4.845742824442891e-9,4.850286561219935e-9,4.857227777980948e-9,4.870544145639043e-9,4.891229077695621e-9,4.920435860520003e-9,4.933775211456848e-9,4.958314423792153e-9,4.9754252110580695e-9,4.940391120867872e-9,4.9173205724028195e-9,4.879208417017974e-9,4.8590133101675444e-9,4.824337920233009e-9,4.788764229894091e-9,4.84223193993828e-9,4.861727669604998e-9,4.909720353466307e-9,4.9469322344713105e-9,4.977322896782255e-9,5.032751347082822e-9,4.9881516473229425e-9,5.0305666011472e-9,5.136280249930208e-9,5.282306958554338e-9,5.519553331398031e-9,5.134883457051985e-9,5.353495846452408e-9,5.369581367269638e-9,5.346727175316243e-9,5.213034244812426e-9,5.154117055985596e-9,5.664068502997561e-9,5.635539414024383e-9,5.672492617359198e-9,5.718733699195429e-9,5.502856493015314e-9,5.600927538855517e-9,5.698591245556174e-9,5.799067138781178e-9,5.890985937172863e-9,5.899109488991659e-9,6.002215323978071e-9,6.1015080239785475e-9,6.1985861445852205e-9,6.2660678883192236e-9,6.221991590750549e-9,6.260174668402452e-9,6.308592059365195e-9,6.508848078582205e-9,6.976374967550182e-9,6.347054832188372e-9,6.2281780600637714e-9,6.2037892282615995e-9,6.179328941282049e-9,6.135828984162381e-9,5.998524293485488e-9,5.966466082582715e-9,5.930598130377053e-9,5.892135393170821e-9,5.856707498046937e-9,5.726964021692784e-9,5.703107605113178e-9,5.691402919980929e-9,5.686909282585432e-9,5.681117281715357e-9,5.582135050942897e-9,5.574149051131139e-9,5.5709046960579816e-9,5.567894794975462e-9,5.5681992837149475e-9,5.460779623820094e-9,5.453675793689285e-9,5.453581365750325e-9,5.459576375419692e-9,5.454931676016326e-9,5.36492752983123e-9,5.3648136011539655e-9,5.374325373953085e-9,5.3732235128266394e-9,5.3745701928191744e-9,5.294194120184051e-9,5.297319563665506e-9,5.2892805313418076e-9,5.294540132748376e-9,5.29630681041269e-9,5.2151142615922025e-9,5.213800524735449e-9,5.211901642247181e-9,5.212696130269824e-9,5.218854790868187e-9,5.138902218069392e-9,5.1308924731659965e-9,5.130867375368182e-9,5.133676804657882e-9,5.132836281871146e-9,5.066335756686819e-9,5.059932737456895e-9,5.050309031048126e-9,5.0433511197970926e-9,5.042726321313611e-9,4.991081228154944e-9,4.991605294962792e-9,4.985781043363394e-9,4.990574323473293e-9,4.994040906158885e-9,4.9536885584581336e-9,4.945530771389837e-9,4.944574605415848e-9,4.951612383048496e-9,4.9613703552562095e-9,4.9109380425495505e-9,4.9073343182180884e-9,4.909622838349624e-9,4.921998203408783e-9,4.924804957028548e-9,4.882035086323236e-9,4.8820349123385245e-9,4.886217181513235e-9,4.890136266650501e-9,4.903944288637257e-9,4.866428950997213e-9,4.871456895311387e-9,4.8738988972656655e-9,4.878906526765117e-9,4.893326165585489e-9,4.860867514749775e-9,4.8598106143074546e-9,4.864044038527627e-9,4.872454882961445e-9,4.8918328526254065e-9,4.853063272412481e-9,4.857811189635636e-9,4.860806128212391e-9,4.878761159803622e-9,4.887934085991883e-9,4.85075383854272e-9,4.855794779120311e-9,4.864239995067746e-9,4.874140983995725e-9,4.88535888116832e-9,4.8546365869910854e-9,4.862588753399086e-9,4.863225067592493e-9,4.871490059253287e-9,4.888103151435219e-9,4.859055282920113e-9,4.860750963591688e-9,4.8635969665820334e-9,4.877238938988112e-9,4.8927401192172985e-9,4.855904033899947e-9,4.861643356975364e-9,4.866776112480661e-9,4.881127726106946e-9,4.8946895767196846e-9,4.8554131782892945e-9,4.857644557057574e-9,4.8647661167674895e-9,4.874637363356529e-9,4.885719815265629e-9,4.8541907113071325e-9,4.860774625888504e-9,4.865032436265062e-9,4.866794253207917e-9,4.88066330769436e-9,4.854186447854386e-9,4.85696131440799e-9,4.860321418540729e-9,4.86193168438895e-9,4.8730438067635704e-9,4.84939943873673e-9,4.850423119671428e-9,4.854032304498637e-9,4.857043001720388e-9,4.855019127737144e-9,4.8351498777764625e-9,4.83418422550934e-9,4.8363292609692174e-9,4.830673647822549e-9,4.825030631609508e-9,4.793466769668358e-9,4.792882474702809e-9,4.843989137634573e-9,4.880336511044515e-9,4.9346711207285045e-9,4.857871560817808e-9,4.9768017989712224e-9,5.068289916297794e-9,4.702336882508452e-9,4.886780516455407e-9,4.910696054880706e-9,4.9468622016867796e-9,4.9477827527503574e-9,4.761541107396235e-9,5.146199394705449e-9,4.854080782884529e-9,4.869171810522052e-9,4.851465119529053e-9,4.849765010354001e-9,4.856249121464609e-9,4.82812124474245e-9,4.821526729393138e-9,4.798334088211057e-9,4.768247238683604e-9,4.736197564408457e-9,4.696025284559296e-9,4.672151226044578e-9,4.6343332789211135e-9,4.6013862713475795e-9,4.5759514842683434e-9,4.5470785948545374e-9,4.535098286156828e-9,4.543959725950365e-9,4.557556830801919e-9,4.5795494049280515e-9,4.5954297942988814e-9,4.6280861937662986e-9,4.669684465388945e-9,4.707578369975238e-9,4.7457114198340314e-9,4.773292956339141e-9,4.816558330183101e-9,4.856334491553279e-9,4.9042330582061e-9,4.9441675038581225e-9,4.971301208545298e-9,5.01562147701875e-9,5.0597794243680405e-9,5.104364864182155e-9,5.145969731207964e-9,5.168219869620079e-9,5.205734390922497e-9,5.248996329283249e-9,5.291362281864153e-9,5.332998629380451e-9,5.3480663338795136e-9,5.381592360111947e-9,5.417261225055432e-9,5.447158555920455e-9,5.478520033423015e-9,5.48793670048875e-9,5.5345369993885325e-9,5.568927430015283e-9,5.59391058415991e-9,5.618414678009039e-9,5.606634215834169e-9,5.631894405842464e-9,5.658091929208675e-9,5.6718994241962675e-9,5.688763142619316e-9,5.666362336017029e-9,5.684302424374976e-9,5.70076600374994e-9,5.726831931776304e-9,5.723733675595839e-9,5.677802778674094e-9,5.679691512924328e-9,5.682373153912791e-9,5.679080142754013e-9,5.671674401165853e-9,5.620121619058874e-9,5.610390810331718e-9,5.596176609046298e-9,5.583494121494637e-9,5.570288056018463e-9,5.522629213908685e-9,5.495054540498587e-9,5.469550779709831e-9,5.448558381310621e-9,5.419557513613311e-9,5.351138256931446e-9,5.32724173626663e-9,5.29801023518456e-9,5.2599170656870134e-9,5.2222635775674996e-9,5.15685287561893e-9,5.1209799142575905e-9,5.084813185691578e-9,5.0417925548739796e-9,5.003800678464884e-9,4.9418289929992e-9,4.9072560843468546e-9,4.87627936241139e-9,4.842601857009071e-9,4.811920828699108e-9,4.763247813663355e-9,4.737617334279786e-9,4.714713713820722e-9,4.699152693444715e-9,4.6810332520765175e-9,4.654844739841232e-9,4.642548415924519e-9,4.632819126853108e-9,4.621581058503192e-9,4.617931866934872e-9,4.616446759902637e-9,4.6256447704208514e-9,4.637817347516943e-9,4.655910154254027e-9,4.685269598741491e-9,4.718415924421155e-9,4.747750394650677e-9,4.795710772489179e-9,4.829112359373958e-9,4.877826372983752e-9,4.895219043557849e-9,4.91681071032174e-9,4.956620099918865e-9,4.99881969070972e-9,5.0738211661817726e-9,4.9551652672223504e-9,5.041727132128976e-9,5.2069114745429416e-9,5.449810216864525e-9,5.244415056962378e-9,5.055829367544321e-9,5.132298236878852e-9,5.141542261997128e-9,4.94000170956671e-9,5.461747450558902e-9,5.177104466632327e-9,5.209291906945734e-9,5.22611315998656e-9,5.257779508367549e-9,5.302953846099323e-9,5.288305871820563e-9,5.318532700223664e-9,5.362137263838712e-9,5.4048733415487184e-9,5.4525605902339515e-9,5.405839612530884e-9,5.44921692212857e-9,5.493016037418225e-9,5.5273341503032794e-9,5.53769031223012e-9,5.45653371481621e-9,5.466654785976896e-9,5.487510284578928e-9,5.495934684853713e-9,5.5012649055118675e-9,5.416766950524799e-9,5.422521035335534e-9,5.42027487185625e-9,5.424500198269611e-9,5.439416906019814e-9,5.358928941517994e-9,5.357582162335773e-9,5.366665894086711e-9,5.379776969168248e-9,5.3952716992569935e-9,5.314648060512231e-9,5.317282844162923e-9,5.328301336303167e-9,5.348968822906337e-9,5.352140379389102e-9,5.277212337648831e-9,5.280644573952174e-9,5.301751863328862e-9,5.310037334948303e-9,5.318714921658182e-9,5.243145006895435e-9,5.252802458964713e-9,5.262607999519391e-9,5.272392813562306e-9,5.279394989844676e-9,5.2111267401814515e-9,5.215883275947665e-9,5.229229305818238e-9,5.237782504508087e-9,5.248268028396679e-9,5.170357328977291e-9,5.170181442038137e-9,5.177221405315178e-9,5.1899405162840245e-9,5.1856332405416345e-9,5.111514324109971e-9,5.111126347350776e-9,5.121376352484923e-9,5.122641764914531e-9,5.128123323359458e-9,5.065125343666664e-9,5.063400416406315e-9,5.066733117076728e-9,5.0719847299902544e-9,5.0788737068705835e-9,5.018978244067551e-9,5.0120605880056536e-9,5.012166795645381e-9,5.0223660637076586e-9,5.0402852060314775e-9,4.992060036474199e-9,4.997094535253854e-9,5.004941736562243e-9,5.026376518239958e-9,5.034109208362411e-9,4.989831266047184e-9,4.995710313599866e-9,5.003317988746359e-9,5.0158123894566465e-9,5.032580329278311e-9,4.999050598656218e-9,5.012670251678111e-9,5.02674136144602e-9,5.049752188768349e-9,5.074228398858618e-9,5.0425439641289515e-9,5.0610862119281016e-9,5.091438102079327e-9,5.125294803198192e-9,5.158031577928621e-9,5.114490379670089e-9,5.155560027565684e-9,5.198178729856445e-9,5.249733253682604e-9,5.284245703081777e-9,5.229953667506438e-9,5.28282513934013e-9,5.328962718259412e-9,5.362487713203489e-9,5.404426208459841e-9,5.345179061935764e-9,5.392896450794287e-9,5.4201413406439994e-9,5.465178550402345e-9,5.560758369275425e-9,5.551826000319667e-9,5.618864526581631e-9,5.707308583016483e-9,5.790469345776741e-9,5.8619551724882446e-9,5.79020948813686e-9,5.8458012761148945e-9,6.021613688484352e-9,6.099210976044001e-9,6.146077670986447e-9,6.4149301167990216e-9,6.460780364557478e-9,6.509143484973187e-9,6.538074427906883e-9,6.572403171396465e-9,6.475824480140596e-9,6.533598354061957e-9,6.56102223927822e-9,6.592758553588316e-9,6.63109528502936e-9,6.561537187810242e-9,6.583595416709e-9,6.6083340238496016e-9,6.641018088380781e-9,6.676823590247889e-9,6.574770093687674e-9,6.598337742457681e-9,6.625211321857966e-9,6.659617658119115e-9,6.677863907661127e-9,6.581529601717551e-9,6.61035758703769e-9,6.653667913106195e-9,6.679876573936834e-9,6.711573544890202e-9,6.611685186366011e-9,6.6497838594447165e-9,6.660260059224345e-9,6.686466260323196e-9,6.717557357839612e-9,6.6246774512513195e-9,6.640099309556572e-9,6.6565910303988296e-9,6.671506897277418e-9,6.703475816152632e-9,6.542162196154808e-9,6.466111329742069e-9,6.426064040511585e-9,6.572933702085849e-9,6.45506790622177e-9,5.7834199157874826e-9,5.030371870748617e-9,5.0580700463193165e-9,5.043794720743501e-9,5.775817269949683e-9,5.434050388777965e-9,5.564568661976696e-9,6.5119270660878355e-9,6.543649877260525e-9,6.613914575532045e-9,5.474389370887046e-9,6.5709971695066655e-9,6.626143966267335e-9,6.70491177947302e-9,5.538703975652687e-9,6.520518972235954e-9,6.51454834337516e-9,6.485442168211221e-9,5.292195964985698e-9,6.531501796986882e-9,6.237322639316348e-9,6.2940812908718546e-9,5.298316247969918e-9,6.511616114270109e-9,6.582465424213095e-9,6.373292725808959e-9,5.491848939091739e-9,6.637201602366051e-9,6.689185228929589e-9,6.78366618711575e-9,5.65458280873813e-9,6.7971529058753335e-9,6.899044756463576e-9,7.018844376577302e-9,5.8448661424000795e-9,6.9081722971768376e-9,6.962252774151325e-9,7.051977192583165e-9,5.9935837366771125e-9,7.2827353887676845e-9,6.931489600297009e-9,7.025848606703704e-9,6.067638466747439e-9,7.311779006093345e-9,7.381813677325288e-9,7.118607125229928e-9,6.192296630620331e-9,7.3923588832960234e-9,7.464058157723284e-9,7.537211005261184e-9,6.273292664400219e-9,7.423955800823723e-9,7.476070892136121e-9,7.544392692725225e-9,6.35387569440857e-9,7.376771856280471e-9,7.401315983579675e-9,7.434986355669754e-9,6.333714096251542e-9,7.577619958103715e-9,7.241132501404327e-9,7.269760461024397e-9,6.316072244387258e-9,7.3774291572728325e-9,7.404391870229064e-9,7.086343315172618e-9,6.420737672951979e-9,7.106547857905874e-9,6.161945467891825e-9,6.251290055310589e-9,6.190394431342283e-9,6.138768065894199e-9,6.257749800642571e-9,6.27701717823185e-9,5.988345546694577e-9,6.11719137595978e-9,5.847994850159894e-9,5.922601544503728e-9,6.256052617604751e-9,7.103023440625437e-9,5.745624746111465e-9,5.7039398445696776e-9,5.743790466268974e-9,5.955794084717983e-9,6.031697041161331e-9,5.986475932869981e-9,5.6933810626611854e-9,6.098004278187203e-9,5.965427563109157e-9,5.97212029196561e-9,6.041997550425608e-9,6.590777302735759e-9,6.442207130863623e-9,6.37873079496437e-9,5.693706751477953e-9,6.336107773564086e-9,6.428224171171723e-9,6.642772107016777e-9,5.70593713033596e-9,6.9242021839003335e-9,6.665871450194453e-9,6.809862577150522e-9,5.7036042396890495e-9,6.932334151100756e-9,6.93212674482827e-9,6.6052987717959845e-9,5.608354095416438e-9,6.723505505229607e-9,6.768087934123653e-9,6.833076293553714e-9,6.60957218316777e-9,6.646185053903739e-9,6.624931009799952e-9,6.525286638945446e-9,6.472065578943902e-9,6.124944206914592e-9,6.1896159845701694e-9,6.334851405616933e-9,6.5946026985867086e-9,6.741535479248926e-9,6.484674151104327e-9,6.6139765632551546e-9,6.6734689903942595e-9,6.7142205396656965e-9,6.7791702450529516e-9,6.532201133513975e-9,5.715722574395219e-9,5.8948428672107545e-9,6.006893587406767e-9,6.199862664185998e-9,5.59479198540972e-9,5.760852495367797e-9,7.1262774870553476e-9,7.343340445777822e-9,7.32325537987718e-9,6.6857566223092824e-9,6.7639318630444885e-9,6.748297730675741e-9,6.6577961083298216e-9,6.697669191637115e-9,6.664069260683925e-9,6.736621457117969e-9,6.826267610601827e-9,6.911121702552577e-9,6.997337412107097e-9,6.973154835845015e-9,7.0436419023793686e-9,7.079683190921897e-9,7.099394793272639e-9,7.2476446519696674e-9,7.090404046791517e-9,7.44923936914009e-9,7.467997911633531e-9,7.491162399636606e-9,7.511927947431067e-9,7.384085437061848e-9,7.397257636091794e-9,7.420849080304385e-9,7.439830358899756e-9,7.452728092265742e-9,7.3464307470387985e-9,7.377625162223541e-9,7.4202929666019015e-9,7.393567946933576e-9,7.369231587012888e-9,7.240484607976529e-9,7.211392687872672e-9,7.1519801983117744e-9,6.737086972551564e-9,6.477728548469397e-9,6.187344482970676e-9,6.075053755779974e-9,6.026440472627092e-9,5.988273158299812e-9,6.002653594844277e-9,5.93384335237615e-9,5.924253296061127e-9,5.981784485676356e-9,6.035128691484613e-9,6.091644623844846e-9,6.082599711872312e-9,6.200473019670535e-9,6.460857152026701e-9,6.899774807161764e-9,6.961541456221958e-9,6.888656166904634e-9,6.9283844824470895e-9,6.9228587303715804e-9,6.9339005868398865e-9,6.93941392524428e-9,6.83220443105574e-9,6.827068892992691e-9,6.833231254423807e-9,6.8414394290454076e-9,6.8590834787407855e-9,6.725553530120379e-9,6.718523134405202e-9,6.7123129765153495e-9,6.699751996787572e-9,6.669782372904838e-9,6.5109826601250545e-9,6.4656974979716565e-9,6.503519374200987e-9,6.584165780211199e-9,6.653866462106029e-9,6.578688354553933e-9,6.635527695751356e-9,6.673067430170124e-9,6.709240560662618e-9,6.754944372759522e-9,6.6942661181651186e-9,6.738725092712772e-9,6.720165560558266e-9,6.706479526077929e-9,6.710911882760032e-9,6.582865826705219e-9,6.5756613020003e-9,6.562106291357268e-9,6.562857330475309e-9,6.540947083757207e-9,6.408695027106709e-9,6.367963106169246e-9,6.411723442175002e-9,6.480407008509144e-9,6.536928842033977e-9,6.4660776194190605e-9,6.522424453877089e-9,6.55850266158552e-9,6.60162737037074e-9,6.647787372414027e-9,6.587496204600961e-9,6.614385975360918e-9,6.624762296670803e-9,6.659056456730343e-9,6.706997024801041e-9,6.6277900165464965e-9,6.662008779352723e-9,6.695879207849342e-9,5.561893151686732e-9,6.746983645121896e-9,6.668841922721074e-9,6.6940437622012335e-9,5.5436175552213605e-9,6.5035432144418835e-9,6.484366823302578e-9,6.3750035154108086e-9,5.48930685206028e-9,6.3236671335628755e-9,6.2799184494970646e-9,6.252139367239108e-9,5.387668234026576e-9,6.006526858453689e-9,5.917703773901769e-9,5.777914409282217e-9,5.031053473167793e-9,5.0670730715515706e-9,5.046124532975219e-9,5.1391209513088076e-9,4.785712428715353e-9,5.409312340035662e-9,5.215378384768783e-9,5.455883411569243e-9,5.035706671315021e-9,5.8469200929765024e-9,6.03292418434086e-9,6.1440882482177e-9,5.603944864839592e-9,6.338699264406514e-9,6.4144674223201045e-9,6.5167296076073414e-9,5.629748242467341e-9,6.703796709948082e-9,6.754050337533343e-9,6.8310179041697836e-9,6.919141117402915e-9,6.858382781036389e-9,6.932882390803163e-9,6.954533437622446e-9,6.92578327280726e-9,6.873341743246069e-9,6.682944221367458e-9,6.572473876061992e-9,6.515067497519705e-9,6.646824229021394e-9,6.702611702308214e-9,6.144310526766491e-9,6.193433240000465e-9,6.230278273291706e-9,6.2411202749979645e-9,5.639878143098635e-9,5.32008171534221e-9,5.471574751177707e-9,5.533570522051754e-9,5.6627107173071856e-9,5.97881368809862e-9,6.282459386557493e-9,5.858936454593137e-9,6.057468187999515e-9,6.2259803264372575e-9,6.363666348936448e-9,6.2917706745142286e-9,6.399209960540132e-9,6.3987329785207756e-9,6.301069817391312e-9,6.190655597413977e-9,5.810742838737282e-9,5.690005085834509e-9,5.6191669548076134e-9,5.555519145887405e-9,5.50957076860729e-9,5.348340377928383e-9,5.321650710231022e-9,5.290093054806871e-9,5.302250421795493e-9,5.3084128207769054e-9,5.2741598727565926e-9,5.258541896094821e-9,5.23071153724579e-9,5.2017692589081794e-9,5.184918761190353e-9,5.1405841855264694e-9,5.1244135307773396e-9,5.096379271519974e-9,5.077085035224976e-9,5.075933190752494e-9,5.039856631917274e-9,5.03536578386793e-9,5.048585034970602e-9,5.071747121479791e-9,5.10345705333464e-9,5.125110667397477e-9,5.1907397776835585e-9,5.260641464828956e-9,5.339287659493989e-9,5.412092723678504e-9,5.464178729186614e-9,5.537804073649399e-9,5.574904636174026e-9,5.608807762989756e-9,5.638687523563262e-9,5.65765542296203e-9,5.69769211019739e-9,5.747089601428738e-9,5.802474845400126e-9,5.857438830584778e-9,5.8962924922022404e-9,5.9602011112887635e-9,6.005154820643921e-9,6.059129230349162e-9,6.061556356271184e-9,6.034690867691854e-9,6.0279162633474675e-9,6.016287203651749e-9,6.0023190498492675e-9,6.000306102001965e-9,5.9518752998992735e-9,5.937460774570964e-9,5.926291332835055e-9,5.9080333518795865e-9,5.894817238803015e-9,5.8543467808128976e-9,5.8342295215748505e-9,5.8174590473562646e-9,5.7988329659117886e-9,5.782005815425334e-9,5.733560747509933e-9,5.724362347823932e-9,5.6975760767361786e-9,5.670334005232029e-9,5.644083301764703e-9,5.586581986676567e-9,5.56342880984545e-9,5.538072062320002e-9,5.534440380343103e-9,5.524078255082571e-9,5.496288733038536e-9,5.497400221881743e-9,5.494187313069187e-9,5.492948116867088e-9,5.5004220243128335e-9,5.476418528280041e-9,5.484739388587146e-9,5.481782113426957e-9,5.474482357265884e-9,5.4758262727152305e-9,5.39971124346731e-9,5.3437674111660135e-9,5.28315646769492e-9,5.219361136132666e-9,5.1577675656194465e-9,5.083897529323709e-9,5.0129407192757006e-9,4.937249469145292e-9,4.871162075329095e-9,4.805787774720167e-9,4.7430342314476764e-9,4.7025069821092025e-9,4.698842593412881e-9,4.6996245493505815e-9,4.712379674291089e-9,4.7427676538270465e-9,4.763690375493473e-9,4.781414756016697e-9,4.844129979561343e-9,4.907992950182972e-9,4.953064630653572e-9,4.994532842287775e-9,5.0244834922775984e-9,5.077766162285445e-9,5.137742663146424e-9,5.1174277594052465e-9,5.158455550224281e-9,5.275668866233654e-9,5.405463871804048e-9,5.709640423224645e-9,5.435426328643697e-9,5.540957735938453e-9,5.29740220004391e-9,5.362808436344956e-9,5.329769816557272e-9,5.336029493748384e-9,5.369150142991033e-9,5.38575610512344e-9,5.416607996908924e-9,5.461484748756524e-9,5.434697048351995e-9,5.480320813622533e-9,5.52684571585233e-9,5.574962097964942e-9,5.630277388117652e-9,5.604346258153381e-9,5.653717150527199e-9,5.710419054193979e-9,5.77819940324801e-9,5.837569917927741e-9,5.778812286117957e-9,5.796303538914745e-9,5.8061874580442986e-9,5.8072521837417415e-9,5.8032149206056015e-9,5.708997736275436e-9,5.698057565664586e-9,5.705570231083393e-9,5.694807442169159e-9,5.696295861604237e-9,5.614216112254425e-9,5.617093232131687e-9,5.621855395436194e-9,5.630823981741544e-9,5.635427648568672e-9,5.561397890006969e-9,5.5709654677054904e-9,5.575130872874952e-9,5.5878834580173854e-9,5.60071419699387e-9,5.515261368561079e-9,5.520097068835759e-9,5.522982936070788e-9,5.535459930478076e-9,5.538781117063575e-9,5.455339576431952e-9,5.453650430118572e-9,5.475990671549686e-9,5.4789326522132655e-9,5.4787058014595316e-9,5.389031431548382e-9,5.394584989226679e-9,5.3942797559942595e-9,5.392965112014967e-9,5.397411456591205e-9,5.320804862731946e-9,5.319721123683712e-9,5.328305455941844e-9,5.338387906333726e-9,5.339433197997278e-9,5.25774869563887e-9,5.275207246064887e-9,5.292903612839933e-9,5.3151903661066e-9,5.3276476921203155e-9,5.254805459078145e-9,5.2715324327502764e-9,5.292740912055739e-9,5.309367151170558e-9,5.323852101634834e-9,5.240878344614391e-9,5.2485772302865634e-9,5.230381848233916e-9,5.2277046480868775e-9,5.230532470472783e-9,5.138647091576633e-9,5.135289306158951e-9,5.131349370129465e-9,5.128279976927652e-9,5.129437935934074e-9,5.0404740162351695e-9,5.037985122955156e-9,5.035401095553321e-9,5.032744532174704e-9,5.030535937948367e-9,4.980438139984407e-9,4.9813342464541115e-9,4.989254215099725e-9,4.995033190866122e-9,5.0092173612924896e-9,4.964921595383995e-9,4.972896938834546e-9,4.973512117191772e-9,4.991874338280024e-9,5.012222643011947e-9,4.977103968614845e-9,4.980726234619064e-9,4.991157222135158e-9,5.017277638596515e-9,5.047532116698756e-9,5.012811844848211e-9,5.03070240280264e-9,5.053352285276285e-9,5.093701806880456e-9,5.121791162220311e-9,5.095988947755901e-9,5.114061920106573e-9,5.139249065811441e-9,5.189412429686201e-9,5.239544035613551e-9,5.186044561800335e-9,5.24849267963216e-9,5.285637756057263e-9,5.327209215536132e-9,5.4783937479288805e-9,5.550278717516985e-9,6.207083745002138e-9,6.314212767274182e-9,6.4035191216979214e-9,6.4710106036350425e-9,6.376921964498913e-9,6.3666382757603545e-9,6.355932370400436e-9,6.344931382436282e-9,5.896523829265826e-9,5.554005290927493e-9,5.47601599737088e-9,5.411562202465485e-9,5.390679384614886e-9,5.394933089363865e-9,5.307517329450891e-9,5.315871865301027e-9,5.316164432216012e-9,5.318903443497109e-9,5.321479913461859e-9,5.232532958576516e-9,5.220810667577784e-9,5.214072980165191e-9,5.210593913797796e-9,5.209667570154415e-9,5.110072497875645e-9,5.103938275434939e-9,5.103375720444152e-9,5.113386186507117e-9,5.1198599196053325e-9,5.078833271880266e-9,5.079332127332351e-9,5.0820687336645345e-9,5.081885121849824e-9,5.089375780768455e-9,5.068813037059745e-9,5.081321318375054e-9,5.089058228743352e-9,5.096097706586659e-9,5.105439726333861e-9,5.091819186988061e-9,5.10998005514551e-9,5.1915000705281385e-9,5.272544389600019e-9,5.3935855471972685e-9,5.262252376287303e-9,5.446006922220148e-9,5.1781380362998545e-9,5.27078590304411e-9,5.2762168987002e-9,5.5277346131886766e-9,5.56214762142771e-9,5.534573940777921e-9,5.552699451678198e-9,5.511697284343057e-9,5.3566336200006385e-9,5.355655565465199e-9,5.311662547098117e-9,5.289728939651832e-9,5.254581069127112e-9,5.180154227137301e-9,5.1263668283285936e-9,5.067885529545347e-9,4.991624778279147e-9,4.927638204071607e-9,4.869831235871861e-9,4.820197907387675e-9,4.775861535468481e-9,4.742783371028056e-9,4.717614780745505e-9,4.688389518835162e-9,4.701600638127035e-9,4.722622269772681e-9,4.752085318805131e-9,4.790027109449515e-9,4.798015285842678e-9,4.851244650524603e-9,4.895977314084468e-9,4.941784388693867e-9,4.9940730354313435e-9,5.011240374431395e-9,5.0542944317083794e-9,5.108128764125918e-9,5.159410462083757e-9,5.2090274398006e-9,5.228661151435339e-9,5.2816407749796545e-9,5.337412131266346e-9,5.3977759306213125e-9,5.440129460202365e-9,5.45728728339287e-9,5.508364901619419e-9,5.557275693812902e-9,5.596644848469114e-9,5.63212635155195e-9,5.644646450071999e-9,5.676421735895057e-9,5.711205477170523e-9,5.746145765555702e-9,5.778864706367562e-9,5.793385477104775e-9,5.810289590196049e-9,5.827484753805328e-9,5.852932288521381e-9,5.868631014009906e-9,5.8552253528823506e-9,5.876345325493718e-9,5.888426076588141e-9,5.8994952895981785e-9,5.910451473770213e-9,5.886740776173547e-9,5.905205583993681e-9,5.924133917479996e-9,5.927201143625402e-9,5.922418587773729e-9,5.879396471434977e-9,5.877622954391498e-9,5.878337174430014e-9,5.87724321144433e-9,5.861600797090804e-9,5.803853691349168e-9,5.788947479922538e-9,5.777160863922987e-9,5.759456585910466e-9,5.746623444618689e-9,5.677735906315512e-9,5.648747652231935e-9,5.6250942902588376e-9,5.597283165239627e-9,5.563129023930608e-9,5.492948917972284e-9,5.457872032030075e-9,5.42998899955541e-9,5.397854494238344e-9,5.355225762032117e-9,5.278347994819771e-9,5.241938041416132e-9,5.2069447812983675e-9,5.1636391521173225e-9,5.128087241982783e-9,5.055656608959185e-9,5.0162463162477264e-9,4.983133393709367e-9,4.950225937784724e-9,4.917006870276641e-9,4.859163178632035e-9,4.8293021374166234e-9,4.801295464602386e-9,4.774169931987767e-9,4.754093580407752e-9,4.712533815436218e-9,4.698219761038161e-9,4.6847600588389665e-9,4.667370479054037e-9,4.66079836191355e-9,4.655747175141387e-9,4.6660061585217434e-9,4.675553796544789e-9,4.686819061041222e-9,4.707507450806223e-9,4.73979771013835e-9,4.807721479540612e-9,4.8595717633498184e-9,4.918671958989821e-9,4.975023925645303e-9,4.978024374694155e-9,5.0253842037193394e-9,5.06476213684387e-9,5.125486811052855e-9,5.184681720997332e-9,5.1584759329576046e-9,5.224667301629921e-9,5.4026209546478795e-9,5.5015010411271256e-9,5.6458213772443464e-9,5.485758910655219e-9,5.248945564526877e-9,5.282823840537988e-9,5.4943830694877416e-9,5.543594911690707e-9,5.359755576435755e-9,5.429646025256502e-9,5.46973538847442e-9,5.500974348772014e-9,5.5393184526658515e-9,5.500658396796268e-9,5.5331387480686385e-9,5.5866806410627045e-9,5.637392334251017e-9,5.68925647445586e-9,5.659767068985901e-9,5.717133788952145e-9,5.78359866037675e-9,5.815796484891457e-9,5.833570884790213e-9,5.752237504199992e-9,5.7557477803440605e-9,5.749793125522334e-9,5.746137165662346e-9,5.751162322037316e-9,5.664406360112346e-9,5.654406053843569e-9,5.651047350070906e-9,5.658664495161796e-9,5.665550328677162e-9,5.5805602434590644e-9,5.5830471806988286e-9,5.592230375857078e-9,5.604750520781167e-9,5.61094025095805e-9,5.54292694182094e-9,5.542267602136533e-9,5.557935305449203e-9,5.5620931114823095e-9,5.571769367096047e-9,5.496990214566372e-9,5.5051244811755666e-9,5.50825837887057e-9,5.5169847482610595e-9,5.518881682160245e-9,5.43942606642934e-9,5.430067081842682e-9,5.4353508321660874e-9,5.43392962835188e-9,5.436873522827419e-9,5.34854170760488e-9,5.349681550731716e-9,5.3558313868313965e-9,5.3614845025720434e-9,5.3622721103259696e-9,5.279505510789012e-9,5.276907085253947e-9,5.2757265800278954e-9,5.280100325103888e-9,5.280290780385409e-9,5.2104837674027935e-9,5.213840111787264e-9,5.213996240048376e-9,5.22004122657675e-9,5.229508741847839e-9,5.172263711030282e-9,5.1722001164392055e-9,5.1883407158907245e-9,5.198575083379189e-9,5.211786281045881e-9,5.146891671036482e-9,5.156034775760965e-9,5.183524067741098e-9,5.2143794568621115e-9,5.235517408885603e-9,5.197852358074785e-9,5.209247130981606e-9,5.229237192290988e-9,5.23627863597659e-9,5.223334338513185e-9,5.12696705997919e-9,5.0611780508470556e-9,5.139344346766867e-9,5.1963018021178836e-9,5.234915795942631e-9,5.265069315823267e-9,5.184209882771048e-9,5.183407725572884e-9,5.1850742424156946e-9,5.18532176346622e-9,5.1805387950857866e-9,5.1006488447958596e-9,5.087205068150665e-9,5.085386740440259e-9,5.077264220348881e-9,5.078739579698781e-9,5.017377332602823e-9,5.010965728256009e-9,5.009079179255964e-9,5.0138029373414254e-9,5.021856430279528e-9,4.977247214162502e-9,4.973906788762037e-9,4.97372201949954e-9,4.983904456815462e-9,4.997092890152412e-9,4.956962055249271e-9,4.959556309343511e-9,4.968668320529588e-9,4.991134011141533e-9,5.005137881105852e-9,4.97575918212254e-9,4.989327418841042e-9,5.009380262859918e-9,5.034603182946053e-9,5.0590253218921495e-9,5.0375661967249885e-9,5.061119693167119e-9,5.095107535188597e-9,5.136348760354729e-9,5.182295040371196e-9,5.15323142609221e-9,5.195885776233735e-9,5.243302051077838e-9,5.29390643357865e-9,5.344312232846631e-9,5.300270506610837e-9,5.345778495237727e-9,5.393428483149188e-9,5.447351457534624e-9,5.480219121176741e-9,5.422258417250235e-9,5.4741684722444e-9,5.564479573439328e-9,5.639480465878538e-9,5.7087374125777815e-9,5.674049021743214e-9,5.7475108837865875e-9,5.81124057504119e-9,5.884416444691823e-9,6.073386521577069e-9,6.015863536645938e-9,6.061137165801039e-9,6.108744638127782e-9,6.159252093865883e-9,6.2108933925887985e-9,6.083572958505121e-9,6.12509986003085e-9,6.1731589699751134e-9,6.228972143670066e-9,6.25200673117613e-9,6.109204134591832e-9,6.1429033450191805e-9,6.19303606513322e-9,6.323513565117588e-9,6.789519247014518e-9,6.246979526637174e-9,6.347060993023757e-9,6.4131802948637614e-9,6.505375838285027e-9,5.7184206461309235e-9,5.584221662214557e-9,5.8481156122531035e-9,5.929231251166283e-9,6.077937181820158e-9,6.1360838045266216e-9,6.7529432783001105e-9,6.914879157372831e-9,7.082622378279109e-9,7.180437091910049e-9,7.233807203002565e-9,7.002048596877037e-9,7.019794073277288e-9,7.0018041387349184e-9,6.9396686425854134e-9,6.885547853017754e-9,6.456061553708887e-9,6.423953895871565e-9,6.412664670000477e-9,6.407635257195936e-9,6.425529348993793e-9,6.164967766197232e-9,6.095864613255634e-9,6.073476025286149e-9,6.151279436856258e-9,6.250584641161165e-9,6.094403838511393e-9,6.134299481140097e-9,6.194422717187504e-9,6.295515579462012e-9,6.278083602248565e-9,6.151108443343994e-9,6.194049765297747e-9,6.271419294796501e-9,6.234716417865579e-9,6.38198462182081e-9,6.4354153394096995e-9,6.63096302486242e-9,6.870932092189505e-9,7.134258602767638e-9,7.396424200289121e-9,7.405889047805657e-9,7.6051563067653e-9,7.712491113045061e-9,7.705375810168492e-9,6.650836256041075e-9,7.507359900774328e-9,7.527869727547488e-9,7.560465107965482e-9,6.751178245970626e-9,7.718670939432018e-9,7.437659129862003e-9,7.518547105569715e-9,6.810736309368933e-9,7.710507613379139e-9,7.89768401713018e-9,7.671735234803556e-9,7.1010827508742034e-9,8.190183242825648e-9,8.358505161634766e-9,8.504534929238998e-9,7.3410179627832865e-9,8.640146696782144e-9,8.758745923407588e-9,8.727452075500941e-9,7.33442860511022e-9,8.436792044262072e-9,8.405332010879584e-9,8.40116446199877e-9,7.228452538231314e-9,8.495844841884205e-9,7.96511089060598e-9,7.886369660185372e-9,7.077201486973441e-9,8.037825584346533e-9,8.137430323829386e-9,7.81630401141771e-9,7.053750111203511e-9,8.115428354671193e-9,8.153568025779115e-9,8.227806434998626e-9,6.955782188321296e-9,8.081581834093031e-9,8.122772512090159e-9,8.224083113325573e-9,6.919977337395492e-9,7.987752589728533e-9,8.041753845542799e-9,8.123144963124006e-9,6.875612902749112e-9,8.204515311967688e-9,7.648285944460553e-9,7.646993355943543e-9,6.453830302416274e-9,7.689339071656609e-9,7.6587086023148e-9,7.316339595540835e-9,6.2338400619969024e-9,7.438898767439773e-9,7.427312753675109e-9,7.465058100400451e-9,6.048502207792386e-9,7.302875913896945e-9,7.260823797556166e-9,7.259647955971023e-9,5.911505586984503e-9,6.928193657222012e-9,6.87632963857002e-9,6.860374142425546e-9,5.678196937248315e-9,6.80739627205144e-9,6.499777698833924e-9,6.43329394397371e-9,5.505052664933391e-9,6.4411630657402985e-9,6.491058265617446e-9,6.390540447539398e-9,5.9688469197122016e-9,6.494842783798679e-9,6.515907722240937e-9,6.545336687929701e-9,5.902628889990267e-9,6.37172331792911e-9,6.327172460361483e-9,6.32688884031654e-9,6.032067266600075e-9,5.668884621211871e-9,5.733852398152121e-9,5.911142464719377e-9,5.492309297374835e-9,5.5201146875977545e-9,6.312193033558894e-9,6.376675617996197e-9,5.808611980936122e-9,6.494276026633587e-9,6.544903811644459e-9,6.566911124685715e-9,6.063548226077994e-9,6.684693973245488e-9,6.767230081194341e-9,6.8732318563819135e-9,6.11071140816526e-9,7.029199815970833e-9,7.199623570448606e-9,7.309650415979897e-9,6.489626916503043e-9,7.214408943042097e-9,7.221743689335044e-9,7.216944113316044e-9,6.188741352474133e-9,7.192391636802437e-9,6.558689483354586e-9,5.712059426959405e-9,5.6458586265584246e-9,5.566219549427159e-9,5.515290048044258e-9,5.410085351235513e-9,5.2684549534314776e-9,5.437603990628393e-9,5.460496202731895e-9,5.096129364024114e-9,5.688210477323271e-9,5.1388116716285265e-9,5.120102792592048e-9,5.09893430897901e-9,5.569206577045779e-9,5.12046807556226e-9,5.064182525302295e-9,5.0355690276507994e-9,6.115680428433371e-9,5.409158799804448e-9,5.554186943640399e-9,5.831044126483503e-9,5.491570197905573e-9,6.754892593806947e-9,6.901501177263774e-9,6.120474162877999e-9,5.284640364780569e-9,6.249764616677651e-9,6.30340920660109e-9,6.350293076331307e-9,5.306566087063878e-9,6.357206619600099e-9,6.388011077935908e-9,6.409919493865963e-9,5.283795897535449e-9,6.36938920506538e-9,6.383468046803853e-9,6.396385744120481e-9,5.281302986380273e-9,6.395348398549556e-9,6.338017351766373e-9,6.341350364215347e-9,5.245884281319936e-9,6.3320940437007775e-9,6.340457895242609e-9,6.266149786140618e-9,5.181816847826986e-9,6.234434088525087e-9,6.240810564923061e-9,6.248004482274397e-9,5.129787705066865e-9,6.160396366729612e-9,6.163653793473575e-9,6.163298604777669e-9,5.057721624571345e-9,6.070757319829186e-9,6.071981333528023e-9,6.0659322632308964e-9,4.9777829525009445e-9,6.019057863365841e-9,5.932963193753209e-9,5.921235793722268e-9,4.872143613204675e-9,5.8649987717084605e-9,5.843554346221851e-9,5.730151611784704e-9,4.693146032142738e-9,5.716570950346634e-9,5.7980874856874475e-9,5.763815634980039e-9,4.6983448403779175e-9,4.502395965152895e-9,4.495776953852422e-9,4.675475724508406e-9,4.550005637478749e-9,4.820492973221102e-9,4.828953969081583e-9,4.952249338016628e-9,5.3789079115357485e-9,5.536066111475146e-9,6.362603559912225e-9,6.409558141740103e-9,5.652651276775825e-9,6.477543022068704e-9,6.500270251610578e-9,6.181187822262461e-9,5.6023368269505e-9,6.397228713323685e-9,6.470732436769875e-9,6.552600448363734e-9,5.583300828206769e-9,6.349857225996306e-9,6.305161855314854e-9,6.256954786841469e-9,5.3074420014051675e-9,6.1279786927438e-9,6.1716557820622e-9,6.1950158177422634e-9,5.275200084314002e-9,6.224130444649542e-9,6.112641721026415e-9,6.132216753379993e-9,5.275678152358973e-9,6.168344679432622e-9,6.186960616828513e-9,6.075926530157029e-9,5.4137332545883046e-9,6.1076483647447e-9,6.121815908229472e-9,6.142136281337305e-9,5.252287217438501e-9,6.0287493273671036e-9,6.0422633542715714e-9,6.061663498926437e-9,5.243621140856995e-9,5.956395866210707e-9,5.966035025438322e-9,5.985179909875302e-9,5.241761366451701e-9,6.007711074746272e-9,5.8896289876636e-9,5.9139574429020125e-9,5.230068462837994e-9,5.924109847890408e-9,5.946224620552217e-9,5.834456565853514e-9,5.323523202684567e-9,5.852701935468678e-9,5.887277590876804e-9,5.948932769075581e-9,5.2123562619421074e-9,5.924945104728498e-9,5.959016233497828e-9,5.932569822288869e-9,5.270569943796452e-9,5.613311204888039e-9,5.6047122055500565e-9,4.7177971701771564e-9,5.02075588839256e-9,4.8617290241967175e-9,4.743651813690195e-9,4.818931933499107e-9,4.938021428147662e-9,5.1275111331019294e-9,5.732678915161859e-9,5.840988034597344e-9,5.447989070719153e-9,6.018097638555379e-9,6.1607851567384894e-9,6.3399186902307585e-9,5.713288237509081e-9,6.454277551017317e-9,6.569582122623005e-9,6.7185633330935196e-9,5.954120267354996e-9,6.7636982455488195e-9,6.817407158677486e-9,6.917794106611668e-9,5.833082916082868e-9,6.998575735555878e-9,6.786049331716693e-9,6.865918710954856e-9,5.684957597919236e-9,6.949044432201704e-9,6.97550260242339e-9,6.757834806249894e-9,5.729660813436113e-9,6.962591958922914e-9,7.059841585513286e-9,7.199964560311289e-9,5.97279669691165e-9,7.163242178613391e-9,7.238927946131725e-9,7.399645739611423e-9,6.181277747875948e-9,7.275177973568917e-9,7.352773612928066e-9,7.485258443653484e-9,6.400722394762964e-9,7.770020510577421e-9,7.443558217091408e-9,7.643454234362914e-9,6.629853040634457e-9,8.006167702214718e-9,8.148768790646281e-9,7.959492685542253e-9,6.928234499647548e-9,8.322715657512156e-9,8.458295272658855e-9,8.639768538794167e-9,7.19428064984032e-9,8.670634969941234e-9,8.721833729931337e-9,8.729136302818762e-9,7.201895446498362e-9,8.3590546692694e-9,8.310666653514303e-9,8.262116611103216e-9,7.158321082438231e-9,8.199189353104572e-9,7.81135428099875e-9,7.901643966378244e-9,6.962660966595349e-9,7.874086587251912e-9,8.06899497455371e-9,7.853825487143622e-9,8.07919607502538e-9,8.214220736621189e-9,8.371728259986144e-9,8.469546890142945e-9,8.252646022769279e-9,8.336034405641369e-9,8.29516966479324e-9,8.119892143099567e-9,7.997338115443266e-9,7.467832376235386e-9,7.316542497906957e-9,7.181591566677176e-9,7.091594700640838e-9,6.948655953960946e-9,6.595119023861623e-9,6.6527006337238895e-9,6.788519855624289e-9,6.884838065776102e-9,6.984435193149884e-9,6.7350125735282e-9,6.883286211357143e-9,6.6884707627258515e-9,6.549168413139807e-9,6.4758420319194974e-9,6.211848397129904e-9,6.1406335947081145e-9,6.03572562546955e-9,5.925568555826852e-9,5.868242708068018e-9,5.727122055172439e-9,5.807685292367995e-9,5.68824299835252e-9,5.573363655859144e-9,5.518691310375999e-9,5.438867902283547e-9,5.387925410098407e-9,5.338390009078975e-9,5.280248564881408e-9,5.26471127646561e-9,5.237646986000794e-9,5.291601468754282e-9,5.329028247563456e-9,5.401474454056244e-9,5.489049863318722e-9,5.486624822986012e-9,5.478341649651641e-9,5.503610428897478e-9,5.528470368158542e-9,5.603780952173684e-9,5.767231574305842e-9,6.093770694225829e-9,6.15185392710913e-9,5.87472898471657e-9,5.523072667436999e-9,5.4164994165801015e-9,5.431009326245986e-9,5.352676854857686e-9,5.356062381665717e-9,5.433819997833083e-9,5.619274705573418e-9,5.658158564203512e-9,6.40470896161519e-9,7.334785140247199e-9,7.666124633549247e-9,7.4264628156078874e-9,7.56418167659364e-9,7.572460615456835e-9,7.55660872321145e-9,7.54658916806862e-9,7.443561518357144e-9,7.448504530873435e-9,7.47301548293746e-9,7.500528760791312e-9,7.521985943456944e-9,7.450664208955046e-9,7.49839079469501e-9,7.564735907560827e-9,7.598930834499745e-9,7.61429376799085e-9,7.48949301074343e-9,7.501891191730032e-9,7.494488277387649e-9,7.49832581075109e-9,7.50955718021186e-9,7.402760864763712e-9,7.407884280373916e-9,7.409701724225942e-9,7.4193646995161644e-9,7.4449406507243835e-9,7.315223415870118e-9,7.318624966505193e-9,7.306227894655602e-9,7.316642553442783e-9,7.2985339821394865e-9,7.14201439027272e-9,7.101832897158277e-9,7.143625128402349e-9,7.22800246539509e-9,7.303246377833853e-9,7.225502844725732e-9,7.284820007540179e-9,7.323192516756281e-9,7.3449216528096956e-9,7.356394903608398e-9,7.262796663505625e-9,7.2642157278623785e-9,7.237165949576478e-9,7.2490025036365904e-9,7.260964060729997e-9,7.117959707386713e-9,7.113217967916207e-9,7.103960454545561e-9,6.010671022043961e-9,7.103585930049689e-9,6.983821849264974e-9,7.011530097281298e-9,5.848022560870024e-9,6.97947187656987e-9,6.95049917543704e-9,6.853810168495796e-9,5.7629141894157054e-9,6.83750017284298e-9,6.829065588837155e-9,6.813806890263899e-9,5.687931615908633e-9,6.706535965454386e-9,6.704484966150362e-9,6.729388883052646e-9,5.674307796495958e-9,6.634448790743512e-9,6.640127993429201e-9,6.649432076328671e-9,5.592866089074482e-9,6.686049740078431e-9,6.5848893500726275e-9,6.640786565511243e-9,5.529511322917727e-9,6.661711595765306e-9,6.660554974145414e-9,6.57995771210279e-9,5.530905224090318e-9,6.603063153098866e-9,6.6093062266436396e-9,6.616894315837271e-9,5.513760360807781e-9,6.527539517353248e-9,6.545671813872296e-9,6.585963516098786e-9,5.551094789132122e-9,6.516210623395056e-9,6.530229960451512e-9,6.544489438606985e-9,5.470067696543767e-9,6.570910850850094e-9,6.449371406639995e-9,6.483228709165882e-9,5.394784935465331e-9,6.5459739724224265e-9,6.569789591207637e-9,6.474276357457738e-9,5.467729770150681e-9,6.545050312685021e-9,6.580300343286922e-9,6.613324995364058e-9,5.536951733743584e-9,6.564391252680019e-9,6.575668116766887e-9,6.61553917351254e-9,5.609571949577197e-9,6.547807446694023e-9,6.5686199478260035e-9,6.58849582614886e-9,5.566930053224801e-9,6.635721164303449e-9,6.538824574228834e-9,6.5926257059388405e-9,5.527230662214057e-9,6.618753965017164e-9,6.623816618308721e-9,6.564053709382163e-9,5.461616551074245e-9,6.581596618237942e-9,6.589334720745135e-9,6.596403093188796e-9,5.502665411343428e-9,6.532727289393169e-9,6.548818134377773e-9,6.59338067908458e-9,5.539689632410583e-9,6.545104219046312e-9,6.56103095709273e-9,6.588660612725477e-9,5.544690921487514e-9,6.630601872214997e-9,6.546871632346588e-9,6.603403806828946e-9,5.540078090001319e-9,6.625496309597218e-9,6.622598877085304e-9,6.568365193767059e-9,5.59534387514877e-9,6.604238074044921e-9,6.619366922815144e-9,6.636723197203616e-9,5.645692692931713e-9,6.578323685067597e-9,6.614306364422699e-9,6.6813374521733555e-9,5.704199558141076e-9,6.6576700858899745e-9,6.694318117995239e-9,6.7404628893647765e-9,5.726204996835907e-9,6.818105545413636e-9,6.7188948443482695e-9,6.786382601672342e-9,5.6322879433496056e-9,6.480322665448657e-9,6.4244763144411456e-9,5.082316187564727e-9,5.092917051235541e-9,5.197121850456576e-9,5.2978785034491395e-9,5.566166825308089e-9,5.1855906811655204e-9,5.978327428103421e-9,6.32921790675227e-9,6.3873357478714805e-9,5.6181356163528525e-9,6.481335068520333e-9,6.560261916774428e-9,6.65706343912914e-9,5.712797057053047e-9,6.747154176965105e-9,6.6109219428569955e-9,6.642753025064591e-9,5.4929120886912715e-9,6.707983429040403e-9,6.745574698646294e-9,6.550606548312406e-9,5.6841622917956424e-9,6.602827029725509e-9,6.618515924854388e-9,6.7277233362838e-9,5.471419876400229e-9,6.618187937336493e-9,6.696387449386498e-9,6.82699511604232e-9,5.718153326278092e-9,6.75135759027949e-9,6.827729995552973e-9,6.943534570912443e-9,5.863288451393741e-9,7.157156984863286e-9,6.895680924313575e-9,7.012932111692917e-9,5.991909546678215e-9,7.198803745544592e-9,7.272236605949276e-9,7.006033590218059e-9,6.092596272034043e-9,7.179985527768141e-9,7.230213208815655e-9,7.314891268270291e-9,6.1550974390353884e-9,7.190191962549755e-9,7.287616802593419e-9,7.228117251660392e-9,6.340164571910439e-9,6.075541119728263e-9,6.24352011508465e-9,6.158550917296429e-9,6.370785637185925e-9,7.476943323174509e-9,6.8661124534184615e-9,6.976261474925419e-9,6.456738119190432e-9,7.385284613870857e-9,7.526970903322368e-9,7.392228133446015e-9,6.646952679726971e-9,7.673745069152456e-9,7.837588317509655e-9,7.772230616157144e-9,6.514982205731063e-9,6.364574715219769e-9,6.666879266819952e-9,6.941679197504451e-9,6.924096645088428e-9,6.559548959722375e-9,7.776146575964118e-9,7.971031288441e-9,6.6844701689801114e-9,8.209329696339393e-9,8.02795887393218e-9,8.138222828136121e-9,6.749796868443514e-9,8.245151154580913e-9,8.25838780179105e-9,7.98252909777719e-9,6.890917457366769e-9,7.996044638160648e-9,8.001551737641595e-9,7.985936872250295e-9,6.378768658791051e-9,7.614045980514478e-9,7.567792846820231e-9,7.570180373185242e-9,6.166621691696291e-9,7.2739508821864574e-9,7.300624819541561e-9,7.357646670230693e-9,6.084121402604007e-9,7.462049478562284e-9,7.173114747669252e-9,7.176973434393877e-9,5.9127979113569034e-9,7.131783080152272e-9,7.103940484048045e-9,6.777457542033794e-9,5.640364276880755e-9,6.750397291854342e-9,6.7274153176269985e-9,6.758771369484109e-9,5.4187789556646936e-9,6.470743825156986e-9,6.46527822185293e-9,6.538257517570557e-9,5.332339409696727e-9,6.3776081938379214e-9,6.37866392138548e-9,6.3790014750208884e-9,5.281200039770474e-9,6.3906497936461776e-9,6.234407028361069e-9,6.255014436309407e-9,5.444899752267761e-9,6.252796491689354e-9,6.240533763911676e-9,6.084843182673957e-9,5.593517468010362e-9,5.952217494012414e-9,5.910057438906299e-9,5.879572734699684e-9,5.125088932936492e-9,4.929350710414835e-9,4.944923343784597e-9,5.0526920971414194e-9,4.809595376536707e-9,4.908344596289083e-9,5.4326679365452e-9,5.588981702424253e-9,5.199474978557683e-9,5.934087982328031e-9,5.804976057408543e-9,5.9511648972008815e-9,5.453258170716619e-9,6.2238356010793885e-9,6.383373072824652e-9,6.515657365922928e-9,6.0214411288532805e-9,6.748636168229625e-9,6.895247720492534e-9,7.050747423951227e-9,6.2663154793536755e-9,7.205263027659027e-9,7.272082629770778e-9,7.3461220400612364e-9,6.397819251037847e-9,7.275722778159862e-9,7.272479175042476e-9,7.289871241507167e-9,6.350409783776282e-9,7.237805443629139e-9,7.127115685699118e-9,7.1320958221019315e-9,6.249778429995032e-9,7.119961166790321e-9,7.113315865306798e-9,7.0336891956829614e-9,6.306090818042653e-9,7.018896095550101e-9,7.014617814377191e-9,7.034671474469508e-9,6.122750604992079e-9,6.935841560460488e-9,6.922337204781399e-9,6.924147935161948e-9,6.042254454011576e-9,6.826199189578181e-9,6.8033872232553185e-9,6.793698750093437e-9,5.942868289632466e-9,6.734665169387928e-9,6.642219618311345e-9,6.6257109469214924e-9,5.794296978273328e-9,6.570493412590237e-9,6.55050082948233e-9,6.453114626620502e-9,5.789094430710199e-9,6.423929674887929e-9,6.431201914979405e-9,6.455406334866898e-9,5.6354214706955246e-9,6.475377541232862e-9,6.563718388547386e-9,6.584667278675554e-9,5.657756020107747e-9,6.381070593367885e-9,6.3467897822212695e-9,6.3159642942396436e-9,5.449214541514326e-9,6.294281954051378e-9,5.746406261171088e-9,5.783152292204817e-9,5.034369857191021e-9,5.022335455199012e-9,5.0148631547777795e-9,4.791430977589787e-9,4.642361159075369e-9,4.641228653746125e-9,4.630306826754464e-9,4.554674535178055e-9,4.586271898704779e-9,4.385684981747972e-9,4.492643804028673e-9,4.424592778925335e-9,4.406093903718532e-9,4.395588726627278e-9,4.448323568854985e-9,4.258302559456026e-9,4.451785738126938e-9,4.4393854006502215e-9,4.524191017116851e-9,4.490331237960721e-9,4.462651465540379e-9,4.836151271520628e-9,4.989543621666225e-9,4.8615836258208e-9,4.706488830332933e-9,6.168235466644628e-9,6.3365101140993466e-9,6.4604294705217406e-9,5.523655651229279e-9,6.2675314608903115e-9,6.400967892047168e-9,6.4828770881933415e-9,5.509420121853225e-9,6.138635070853812e-9,6.287364890400004e-9,5.245590068922807e-9,5.22492252333915e-9,5.233201526691202e-9,4.815674204899242e-9,4.684597718159642e-9,4.504634499476178e-9,4.618807974912251e-9,4.588432161891442e-9,4.577297699693799e-9,4.45929414814725e-9,4.532480619178742e-9,4.506090358750871e-9,4.475204411936027e-9,4.425818961382213e-9,4.372447400868033e-9,4.3667196824599795e-9,4.358697662672988e-9,4.423928797346153e-9,4.4309082821054395e-9,4.422091562903467e-9,4.416795552325328e-9,4.45908013661711e-9,4.41066676427696e-9,4.471911432981546e-9,4.535265040815194e-9,4.497861692137618e-9,4.4619447225447094e-9,4.46151320961013e-9,4.404989175228906e-9,5.231380931654985e-9,4.378189245839132e-9,4.3701613209184156e-9,4.360578716670492e-9,4.391674029150561e-9,4.314380582719148e-9,4.29860593894346e-9,4.391682446475572e-9,4.388198409183205e-9,4.4672588844246856e-9,4.453058057047197e-9,4.470615558109769e-9,4.487061158191081e-9,4.512828033079734e-9,4.5217237440559566e-9,4.517439527198623e-9,4.501370784913196e-9,4.559112705126922e-9,4.570496904300099e-9,4.566537071359215e-9,4.543973621670335e-9,4.643378797922651e-9,4.6718058392905445e-9,4.691677856606224e-9,4.6023763974619126e-9,4.694530854120924e-9,4.558890734096695e-9,4.954830882990298e-9,5.12674997810815e-9,4.552769047799085e-9,4.634765602367205e-9,4.731920372050265e-9,5.108989076585858e-9,4.917106330405682e-9,4.548877485316854e-9,4.62410310673171e-9,5.762111170474901e-9,4.987415528136116e-9,5.414949062940622e-9,5.003305702611974e-9,6.246674482834166e-9,5.766121785999972e-9,6.5539113883406e-9,9.199518833908155e-9,5.809841926341917e-9,6.730743741093468e-9,6.622602950213157e-9,6.551088625930346e-9,5.540511723771569e-9,6.350765945746287e-9,6.338174495525331e-9,6.473408501212512e-9,5.419157139682982e-9,6.671877729709554e-9,6.71212413413768e-9,6.715541164096535e-9,5.5360685248366184e-9,6.988095836408241e-9,7.010150522314113e-9,6.8382974777917245e-9,5.555746782466821e-9,6.85179669752252e-9,6.840763161178116e-9,6.983964236700273e-9,5.746137088737019e-9,7.114588477155461e-9,7.164570619617282e-9,7.194169266612313e-9,5.902926918608796e-9,7.064993680917076e-9,7.084650655498619e-9,7.096844545031594e-9,5.89335394147038e-9,7.09049286983253e-9,6.875543549277063e-9,6.690338037273213e-9,5.788142265759424e-9,6.735198073684937e-9,6.629160642045449e-9,6.030712774242665e-9,5.465425463712059e-9,5.537014106961049e-9,5.654500823940392e-9,6.152896272869793e-9,5.840390856778124e-9,6.266493982730672e-9,6.360965774974043e-9,6.324962295455177e-9,6.315305259130378e-9,6.74102314439211e-9,6.7490935338502306e-9,6.83093269761707e-9,5.834776245472266e-9,7.023159533441096e-9,6.902275652211418e-9,7.117328134411043e-9,6.096911246365314e-9,7.4494020012573494e-9,7.60210270702276e-9,7.321550152546332e-9,6.347362587570336e-9,7.308014281505758e-9,7.247038428709964e-9,7.208757419329607e-9,5.747180865010553e-9,7.009437477705976e-9,6.992243431227938e-9,6.941775651619389e-9,5.6796594292202635e-9,6.58321442700245e-9,6.534333117753315e-9,6.599029971252472e-9,6.6921795261727595e-9,6.722727073615373e-9,6.454502711570261e-9,6.548424996508022e-9,6.652890012530011e-9,6.5373793448005365e-9,6.453157177125571e-9,6.2122939935060175e-9,6.118465577646319e-9,6.036695675601526e-9,5.96785998175037e-9,5.924566820306731e-9,5.8284180092109905e-9,5.787153054889973e-9,5.766652240644616e-9,5.752958330435004e-9,5.7431697056801335e-9,5.726215869324385e-9,5.717540916601407e-9,5.728279483408972e-9,5.7395654482177815e-9,5.734069121621546e-9,5.7531933319844115e-9,5.786034355948262e-9,5.745693274344296e-9,5.688557217371605e-9,5.876054503240862e-9,5.618632407058386e-9,5.1448458209772776e-9,6.144005522822168e-9,6.355095794548495e-9,6.5408960485232076e-9,6.400560895626735e-9,6.5389181645638525e-9,6.615713180804206e-9,6.672612105411758e-9,6.746429487800366e-9,6.524714012269848e-9,6.568250006550382e-9,6.6313907079069785e-9,6.756445536660626e-9,6.754388761530661e-9,5.4784480145740506e-9,5.521159720172106e-9,5.618728180864938e-9,5.3347196788503775e-9,6.66071687207557e-9,6.802998211960472e-9,6.989456861356513e-9,7.095641450546839e-9,7.1255790448985185e-9,7.149065275847224e-9,7.106209410893141e-9,7.14352811405507e-9,7.161991112618705e-9,7.190111896100093e-9,7.234103363556221e-9,7.1562823102967066e-9,7.184930912205027e-9,7.204405926067343e-9,7.230543380204607e-9,7.2448902292185614e-9,7.11949616772506e-9,7.073987209280035e-9,7.122565929359513e-9,7.173340142136888e-9,7.221870337769376e-9,7.1435927353688485e-9,7.182202995004178e-9,7.206105902510684e-9,7.244041185667551e-9,7.2838188767876505e-9,7.2300283190827705e-9,7.255396568285363e-9,7.2294801648864764e-9,7.217006600891646e-9,7.196421352549582e-9,7.039452245350092e-9,6.992307801247509e-9,6.9720156549150315e-9,6.937431010588949e-9,6.54846384233954e-9,6.164106433777529e-9,5.993854599795849e-9,5.806667225003296e-9,5.678910166493893e-9,5.652893878041606e-9,5.535838275202494e-9,5.510224198265111e-9,5.518320875339327e-9,5.519972719667406e-9,5.516277093497148e-9,5.42912694404624e-9,5.4158932299772034e-9,5.407984811383891e-9,5.400198460375229e-9,5.3946426040205e-9,5.298063428080816e-9,5.297093109630322e-9,5.294061320502205e-9,5.294674061827829e-9,5.292632498817941e-9,5.209754007926721e-9,5.2170666738589695e-9,5.2226355194401765e-9,5.224277343143937e-9,5.229764888234456e-9,5.153847806009745e-9,5.168731032073092e-9,5.1760059278328555e-9,5.178082677381901e-9,5.182392125447906e-9,5.116404256646024e-9,5.119117395084313e-9,5.1279259086817e-9,5.145648713313602e-9,5.164619988231722e-9,5.093001673195297e-9,5.111209856152039e-9,5.133584649309898e-9,5.161416830307729e-9,5.180068198440095e-9,5.121439258920367e-9,5.138270589515481e-9,5.161416471780474e-9,5.198464325513325e-9,5.242138138148604e-9,5.180946524580006e-9,5.230287112507973e-9,5.264011295499415e-9,5.296835448381724e-9,5.333528614493116e-9,5.2626369281481925e-9,5.2781897031010425e-9,5.39926103231098e-9,5.549788273623227e-9,5.695354141335429e-9,5.893433570459079e-9,6.328104106193239e-9,6.445985430208779e-9,6.544484663278261e-9,6.622905510469321e-9,6.594738875894423e-9,6.668426897399441e-9,6.700006193975423e-9,6.725078818312992e-9,6.756202120986979e-9,6.736048250079561e-9,5.6635763063876385e-9,6.777921930796541e-9,6.770239734931297e-9,6.75855473940583e-9,5.705233865491339e-9,6.469295903468196e-9,6.40622751295226e-9,6.32532645810945e-9,5.408104113108516e-9,6.017155692672838e-9,5.836480061651249e-9,5.660194543998231e-9,4.666723832505067e-9,5.300803689617311e-9,5.2525139848353025e-9,5.196917315400693e-9,4.473588884901104e-9,5.2264329235417635e-9,5.243440953457953e-9,5.20877883047501e-9,4.4408982707912506e-9,5.252118108702712e-9,5.368816996066739e-9,5.372655351102689e-9,4.456655618329596e-9,4.357914760049768e-9,4.595834494910626e-9,4.60253790789536e-9,4.71708507581326e-9,5.675113697389214e-9,5.9223108195283726e-9,6.089666949715441e-9,5.298555573870455e-9,6.30911242041385e-9,6.289954333624085e-9,6.35890298155972e-9,5.426109800605659e-9,6.50204013384661e-9,6.506376670456134e-9,6.3310963666846654e-9,5.490977947420232e-9,6.203163795253198e-9,6.089763890814496e-9,5.9238869170428035e-9,4.864247256656151e-9,4.512374751807787e-9,4.536926227182763e-9,4.3804039855650894e-9,4.418125871138597e-9,5.043039726302243e-9,5.12932187238363e-9,5.240219472542697e-9,4.597355468361313e-9,5.300855641544302e-9,4.709927008851404e-9,4.244321488596004e-9,4.3612268310179375e-9,4.368203902486262e-9,4.345544038845008e-9,4.2696438576034055e-9,4.334989849017323e-9,4.406615528118375e-9,4.535787660643081e-9,5.330086968275074e-9,4.623549730832904e-9,5.328413947374678e-9,5.237073571861478e-9,5.359882388561171e-9,5.589885073598769e-9,5.110630134974948e-9,6.241317999558024e-9,6.279002464808895e-9,5.284796278137036e-9,6.339255208186406e-9,6.1987620233580105e-9,6.317625153386485e-9,5.442160525991861e-9,6.407933740082587e-9,6.401891517620211e-9,6.155787415253878e-9,5.349914918500532e-9,5.244848391124393e-9,5.27589617570221e-9,5.323573451386162e-9,5.366005111101487e-9,5.981559363906785e-9,6.1346193977671495e-9,6.3444795171612145e-9,5.542088190872963e-9,6.378734785953719e-9,6.485673629930706e-9,6.6555180773234e-9,5.813221873208697e-9,7.004314732186791e-9,6.6862244244396996e-9,6.837648155496472e-9,6.070733999787922e-9,7.1879467576785174e-9,7.3002034718565374e-9,7.024690326389597e-9,7.172721402417827e-9,7.245248369237166e-9,7.331730477062264e-9,7.425860218226124e-9,7.24220537758956e-9,7.309488664208725e-9,7.247347749305588e-9,7.104186594521178e-9,6.984919433652411e-9,6.685576079438886e-9,6.552926345261486e-9,6.460490191852245e-9,6.484070930826637e-9,6.522280447988149e-9,6.433317493667989e-9,6.4540565424516875e-9,6.435737297227962e-9,6.404261675594942e-9,6.450843129470237e-9,6.354945423673984e-9,6.386389122060806e-9,6.363938388694613e-9,6.342642180737575e-9,6.411172528549977e-9,6.31422418398751e-9,6.33073640518782e-9,6.3190825155196785e-9,6.280161219228312e-9,6.352750144854453e-9,6.204832442275128e-9,6.204308866801495e-9,6.168828947305573e-9,6.134221835539837e-9,6.129388556274506e-9,6.069561607363037e-9,6.110176455461565e-9,6.102196448700191e-9,5.996682510716827e-9,6.123252934007768e-9,6.1403966798720055e-9,6.286729908956872e-9,6.460080603530938e-9,6.641205159243786e-9,6.802359214227527e-9,6.730913761891541e-9,6.860987512112995e-9,6.863419676737692e-9,6.7488009752564645e-9,5.704542597921835e-9,6.451696975999488e-9,6.402740297839885e-9,6.352805536463953e-9,5.5841510466680635e-9,6.4201068663738854e-9,6.084299458950938e-9,6.094517528746365e-9,5.3985794460360744e-9,6.13078286542784e-9,6.217072595165626e-9,5.9774952090782595e-9,5.327145815391046e-9,6.184674527734665e-9,6.222501099642329e-9,6.287153134030279e-9,5.227533695628212e-9,6.227189249274571e-9,6.276760252246632e-9,6.2946699782449184e-9,5.150042881051835e-9,6.185970388466745e-9,6.2817429868172875e-9,6.360471593652782e-9,5.362428693932309e-9,6.439478658673864e-9,6.1806963014702375e-9,6.209407546195253e-9,5.411728880184406e-9,6.183976643470406e-9,6.116894375493465e-9,5.880537436661463e-9,5.320220364882201e-9,5.45320843824469e-9,4.772344607764444e-9,4.98575362952016e-9,4.866363479898582e-9,4.836444575915284e-9,5.810046552541798e-9,5.8266460794176564e-9,5.166514623155873e-9,6.004201474998205e-9,6.180436705913173e-9,6.34943371998545e-9,5.573843784329954e-9,6.8199001007734854e-9,6.875057594549942e-9,7.008712202932004e-9,5.820948413004086e-9,7.205297449695866e-9,7.286524881730585e-9,7.268495923382141e-9,7.359409253602051e-9,7.434518127443057e-9,7.502733737196346e-9,7.54077212521956e-9,7.471839264983586e-9,7.489542389051797e-9,7.449665265353727e-9,7.4170443964932576e-9,7.379596482628505e-9,7.21011382102186e-9,7.138647975173746e-9,7.111051830302046e-9,7.150228766272493e-9,7.1619098355042356e-9,7.0559576339442136e-9,7.092262555186618e-9,5.977267524632786e-9,7.169343552166536e-9,7.207573305459017e-9,7.130431477699704e-9,7.187882638371757e-9,7.225521176324502e-9,7.2750062944556194e-9,7.331167967850296e-9,7.283144809386478e-9,7.324962348791118e-9,7.306413663904565e-9,7.295323368651429e-9,7.3009372458884386e-9,7.178835581806745e-9,7.1704866949444445e-9,7.161554709414189e-9,7.151709421816538e-9,7.14143420517578e-9,7.026574915063082e-9,7.012338166391695e-9,7.034143055097802e-9,7.031711318254411e-9,7.045427533617105e-9,6.93567860864016e-9,6.950578690602277e-9,6.9612459884910566e-9,6.9799474649436325e-9,6.990756846768494e-9,6.893949167381194e-9,6.884598271323502e-9,6.858943215993794e-9,6.874061483246849e-9,6.888276473784978e-9,6.765133441950325e-9,6.7487160102191185e-9,6.725472808705061e-9,6.706794703336272e-9,6.670990076102093e-9,6.520408708671039e-9,6.4846305249986764e-9,6.530649208670201e-9,6.614113497263796e-9,6.679886521541101e-9,6.619660619563429e-9,6.6944352051862835e-9,6.737609016069927e-9,6.779121132607631e-9,6.828704512317432e-9,6.796403701928608e-9,6.826861784805855e-9,6.8208219394702876e-9,6.8268724653794916e-9,6.830062893680612e-9,6.71260279003424e-9,6.7052629276730385e-9,6.6957682954729065e-9,6.696163238009857e-9,6.67929031283551e-9,6.549708288539775e-9,6.548233868167979e-9,6.544792839758279e-9,6.5602634779151645e-9,6.590583180737171e-9,6.50006906278762e-9,6.540572526855894e-9,6.5665832894201644e-9,6.599831031098062e-9,6.635343515411887e-9,6.551378431581288e-9,6.570554588187623e-9,6.600599591181944e-9,6.631672646298107e-9,6.671103439630636e-9,6.562539344969369e-9,6.5759273469792006e-9,6.5968448367356035e-9,6.622615071465975e-9,6.632445099713914e-9,6.527228104683615e-9,6.544690827382212e-9,6.572631384051288e-9,6.580766678313683e-9,6.597953747975022e-9,6.492762172700066e-9,6.5215259821296826e-9,6.541056707686968e-9,6.561744397995074e-9,6.576578315479465e-9,6.4741517105898004e-9,6.462647165381925e-9,6.484419776321401e-9,6.540652902925426e-9,6.584850043761487e-9,6.488013983834458e-9,6.515126258778427e-9,6.545352608007416e-9,5.4442898646579775e-9,6.589664110873647e-9,6.503186354124181e-9,6.545410268965616e-9,5.470919233537744e-9,6.530170604722129e-9,6.500992935832833e-9,6.4070182125669314e-9,5.444215390445316e-9,6.297389708159197e-9,6.00831827931086e-9,5.990439652276808e-9,5.303077511011568e-9,5.9045264045940786e-9,5.97991264415144e-9,6.347518168804391e-9,5.502507106273872e-9,6.435389081481667e-9,6.515008492796622e-9,6.604515258529649e-9,5.635771851443433e-9,6.7586029380412525e-9,6.733428617244591e-9,6.86516041793164e-9,5.814071475437884e-9,7.054393765009811e-9,7.066066331943358e-9,6.634338022103487e-9,5.664605053097413e-9,6.847967420206395e-9,6.88960140650154e-9,5.436737730417946e-9,5.2675191051363666e-9,5.753036039065535e-9,5.680881595756347e-9,5.841682609978339e-9,5.842323267293236e-9,6.657347550273797e-9,6.6902487907996065e-9,6.81263074361762e-9,5.9018399300458625e-9,7.078525266335892e-9,6.94846486223222e-9,7.086824083665252e-9,5.842055888173987e-9,7.13783715441545e-9,7.124755299447864e-9,6.787289780699882e-9,5.707029686402951e-9,6.908159224310369e-9,6.983685875425077e-9,7.071548750380819e-9,5.831613130139768e-9,6.974129334123369e-9,6.971798425826175e-9,6.920198417686298e-9,5.7960877062522456e-9,6.5227537754999864e-9,6.503292516753409e-9,6.469076904040949e-9,6.4542064986617466e-9,6.397061140895636e-9,6.220868157584062e-9,6.256447385859346e-9,6.236444369785754e-9,6.169802626543119e-9,6.289972712857874e-9,6.332326273903864e-9,6.417159477210284e-9,6.592589896461884e-9,6.834876653223102e-9,7.046344662117558e-9,7.0929438306863176e-9,7.29026616248138e-9,7.3987522229629865e-9,7.395218924829998e-9,7.390454939686991e-9,7.06111020342778e-9,7.043740164215561e-9,7.023669298685489e-9,7.006650998226456e-9,6.895072692284322e-9,6.692754186874662e-9,6.942673679797591e-9,6.151836836915011e-9,6.802655626959127e-9,6.9059471913907675e-9,6.867434839289106e-9,6.4675958175871955e-9,7.332162422320138e-9,7.50947410553675e-9,7.661141419850343e-9,6.7857363854610375e-9,7.94698228869812e-9,8.030602510365365e-9,7.872590330755459e-9,6.739447685945972e-9,7.50348210191228e-9,7.369985318918851e-9,7.256537679342372e-9,6.5148321022071745e-9,7.187830829014401e-9,6.9160853700054926e-9,6.784759702581224e-9,6.771332395195106e-9,6.7453503778612365e-9,6.8725647471398336e-9,6.746102949014014e-9,6.853130204834209e-9,6.968958974588525e-9,7.112854633016071e-9,7.242364159245749e-9,7.134024182300981e-9,7.233321860290243e-9,7.214419659857907e-9,7.078412748635641e-9,6.931470181467641e-9,6.487904568748727e-9,6.3821665463614226e-9,6.346463855324197e-9,6.3473714402180274e-9,6.3091067059441345e-9,6.0982232737354186e-9,6.075557564600232e-9,6.026167325229762e-9,5.954918149258142e-9,5.956788873871413e-9,5.852373110325507e-9,5.835666878036371e-9,5.782972010755319e-9,5.733949225442002e-9,5.7024033262782094e-9,5.621042403790803e-9,5.595764291430068e-9,5.545674729765237e-9,5.5106393744829485e-9,5.523019852712012e-9,5.446402032174459e-9,5.456490566911103e-9,5.437335385169228e-9,5.411289727218457e-9,5.47335180376976e-9,5.488433253860388e-9,5.551479316337244e-9,5.622845638082188e-9,5.73397815246956e-9,5.924221173821036e-9,5.815607427582124e-9,5.888691992774513e-9,6.067253880040817e-9,6.355671223971999e-9,6.628221506796403e-9,6.511203478711673e-9,6.665044018552448e-9,6.726947044932161e-9,6.808290222571084e-9,6.932649485435375e-9,6.6796187856528155e-9,6.761285060173654e-9,6.869822138363953e-9,5.921256495339891e-9,6.306867624534191e-9,7.134969891490442e-9,7.2563325594693435e-9,7.353957319288569e-9,7.3979194059772835e-9,7.446068418000135e-9,7.395561576622694e-9,7.442823459109505e-9,7.496729866971245e-9,7.556090012591736e-9,7.618293805872274e-9,7.566993384051058e-9,7.623080635437406e-9,7.691457936418643e-9,7.76471480577865e-9,7.849718122138929e-9,7.791584724555326e-9,7.826099285382304e-9,7.854987906991576e-9,7.858882221278847e-9,7.829206887901557e-9,7.686341466537637e-9,7.672939003765372e-9,7.665500719180008e-9,7.635799928933064e-9,7.614709029479321e-9,7.470404106754662e-9,7.463733211431228e-9,7.4448826579156e-9,7.432537563709642e-9,7.426464343766949e-9,7.301452445400437e-9,7.3126968209553155e-9,7.317953875647075e-9,7.3385999362123445e-9,7.36326058958036e-9,7.2415064399296305e-9,7.256225658914521e-9,7.276374291360173e-9,7.300438440624215e-9,7.311618691026457e-9,7.190612301981425e-9,7.200798022683416e-9,7.2283981005945855e-9,7.224211110504299e-9,7.227879179641566e-9,7.103726743430618e-9,7.114260022254929e-9,7.102970453739633e-9,7.10606058210322e-9,7.1071590639163566e-9,6.991849776978588e-9,6.986859335356374e-9,6.976772629455672e-9,6.9750570573202444e-9,6.979245805945061e-9,6.860782133133023e-9,6.861124006457552e-9,6.873093415233881e-9,6.885004980109168e-9,6.88794946105598e-9,6.771009700844103e-9,6.7796666847060606e-9,6.803360399680927e-9,6.8064299646315764e-9,6.821829927640338e-9,6.698531394358033e-9,6.709756617459174e-9,6.706586843480579e-9,6.716663729201775e-9,6.735158351125272e-9,6.629387719582008e-9,6.626546058772845e-9,6.632416805398609e-9,6.644117522352517e-9,6.6697979619465465e-9,6.550803410846959e-9,6.556953456202771e-9,6.566100001660464e-9,6.573072539381452e-9,6.568222141356694e-9,6.4281999863097e-9,6.395904400550916e-9,6.453442433714018e-9,6.541272620454886e-9,6.617235797377741e-9,6.565102400916545e-9,6.6426223256843806e-9,6.693414260294709e-9,6.7499998958578195e-9,6.807399140464164e-9,6.781205002505107e-9,6.819624892152933e-9,6.813894314958665e-9,6.816862815188217e-9,6.829387723457938e-9,6.723583806690243e-9,6.72526672365295e-9,6.7307881313784955e-9,6.744825048117383e-9,6.742943582127105e-9,6.643909488358436e-9,6.654327930684705e-9,6.672577081431063e-9,6.679038839812443e-9,6.693277271967241e-9,6.5990631230863465e-9,6.628275918121721e-9,6.637395405268603e-9,6.657441480082533e-9,6.6789753480382115e-9,6.5957805889204066e-9,6.609571348453297e-9,6.630083270093492e-9,6.65174123001239e-9,6.681213402270284e-9,6.5775651188996805e-9,6.599179471824545e-9,6.621667907059106e-9,6.656686913610758e-9,6.669230164802635e-9,6.5766176184282296e-9,6.601855335224512e-9,6.6324406153689025e-9,6.647548225397943e-9,6.66970649931795e-9,6.579528640425907e-9,6.6127438460184964e-9,6.631626611811024e-9,6.654321530418991e-9,6.680436942370735e-9,6.597437744340939e-9,6.611179339702216e-9,6.63062304449567e-9,6.6511316049650806e-9,6.679439691447122e-9,6.565006325939322e-9,6.574975628376025e-9,6.589536411674148e-9,6.620461926913482e-9,6.616139897947802e-9,6.463691212989343e-9,6.427939264914574e-9,6.499983734488305e-9,6.616146728063925e-9,6.710966455696096e-9,6.660532836562899e-9,6.758534424338084e-9,6.83264484126944e-9,6.9164331468387726e-9,7.007201186960284e-9,6.998702732153986e-9,7.108056660050999e-9,7.190465129225384e-9,7.275541085091897e-9,7.282809872437345e-9,6.937194546703723e-9,6.684201193308061e-9,5.561527568832224e-9,5.85296095287096e-9,6.059515591574201e-9,5.695408878518365e-9,6.948389841746673e-9,7.110670706274141e-9,7.101039654218021e-9,7.173790633732941e-9,7.0064828990269445e-9,7.098628320832772e-9,7.193188933380787e-9,7.2772842307536496e-9,7.360038501229568e-9,7.184110169127613e-9,7.2213430902812324e-9,7.1289322885763285e-9,7.020350695377227e-9,6.930413205160268e-9,6.551902938762102e-9,6.481675751085673e-9,6.41824860739676e-9,6.387265641593981e-9,6.3308495692174055e-9,6.019951632343561e-9,5.987657140766702e-9,5.9740848149915815e-9,5.939276618860932e-9,5.922789531296814e-9,5.743345258834693e-9,5.746934933714159e-9,5.789389462403691e-9,5.821456967347455e-9,5.9248366870362296e-9,5.850535673086694e-9,5.854964760826191e-9,5.859250059126766e-9,5.889936625853318e-9,6.017054952559229e-9,5.947766842839768e-9,6.016584405169609e-9,6.064996672285203e-9,6.112914268034397e-9,6.172648596175665e-9,6.1414391317530214e-9,6.2538574283004214e-9,6.314128102707282e-9,6.303870823360158e-9,6.3833335587181755e-9,6.326268167978248e-9,6.386094118517203e-9,6.439586960448479e-9,6.5442206706195734e-9,6.680262118427832e-9,6.522190953269684e-9,6.598652151008941e-9,6.628391948091238e-9,6.702071844139955e-9,6.817696503441751e-9,6.559687868731245e-9,6.596844018606431e-9,6.6028730000138144e-9,6.634385968425698e-9,6.637660010399287e-9,6.561873944264116e-9,6.609203057464528e-9,6.632957106021524e-9,6.598853800439373e-9,6.664453206648037e-9,6.533455561034656e-9,6.615049318030227e-9,6.6963493014182075e-9,6.80589197360448e-9,6.9413955500242e-9,6.891317755298143e-9,7.078443044568911e-9,7.146779915055182e-9,7.050906014158187e-9,6.970528060448035e-9,6.571872895866064e-9,6.55690903070507e-9,6.528991388876685e-9,6.5353799664578764e-9,6.4947110392982095e-9,6.293812855257751e-9,6.34885019246693e-9,6.363555438731581e-9,6.252748541571321e-9,6.310868549428325e-9,6.152017629845939e-9,6.180143435908823e-9,6.183617256791327e-9,6.206786288013948e-9,6.279329187523812e-9,6.049313266701794e-9,6.1078027203599465e-9,6.1620592913860835e-9,6.151740809309118e-9,6.147014729615516e-9,5.923356083469084e-9,5.895107166735903e-9,5.880891198608626e-9,5.881779078909222e-9,5.8456715976818654e-9,5.80421388171667e-9,5.833153920870311e-9,5.833768623806564e-9,5.794924751406407e-9,5.929461334699255e-9,5.843047654970154e-9,6.0035738879109954e-9,6.155814047621399e-9,6.3249184834863954e-9,6.498776020488219e-9,6.366170100466275e-9,6.619999605434911e-9,6.719762199484189e-9,6.749218323157925e-9,6.810436505203229e-9,6.5096494112069084e-9,6.521038849075529e-9,6.6085658779168076e-9,6.782144580313853e-9,6.8395445595382725e-9,6.620658567067654e-9,6.666322591527487e-9,6.718371703607722e-9,6.726225291894905e-9,6.786992684864017e-9,5.65713927095043e-9,5.711809156544572e-9,6.156899124214719e-9,7.156998659254299e-9,7.27584854655409e-9,7.2263976826523226e-9,7.3245338934812276e-9,7.383275786554448e-9,7.405874642669996e-9,7.441236704882946e-9,7.347071391219077e-9,7.3726294772163525e-9,7.404059846574466e-9,7.438890015884034e-9,7.445694188342507e-9,7.331314628967821e-9,7.324004944711076e-9,7.409746250522354e-9,7.521779317992593e-9,7.599925687179165e-9,7.524396714250946e-9,7.558180323214827e-9,7.573663365060615e-9,7.593049883852065e-9,7.625967154461091e-9,7.558095708955576e-9,7.578652781395907e-9,7.534777522483942e-9,7.50491030278917e-9,7.490786054885042e-9,7.356711765146958e-9,7.328400251531266e-9,7.305175745869153e-9,7.2909584376529345e-9,7.259638630859201e-9,7.117125477373466e-9,7.0799495778378065e-9,7.11975120092366e-9,7.175319994539482e-9,7.226139579339766e-9,7.1475445479254675e-9,7.2036743214320825e-9,7.23129107303005e-9,7.266827390628366e-9,7.3059563701778265e-9,7.256998919968684e-9,7.288421505312663e-9,7.251513322161735e-9,7.228748375995433e-9,7.2260111081356455e-9,7.092747399521279e-9,7.066967589886497e-9,7.038193633475288e-9,7.0166022611950614e-9,6.976365144499266e-9,6.803460112988603e-9,6.730853771920754e-9,6.7476159668398565e-9,6.813582602538933e-9,6.876475069683975e-9,6.798664072177996e-9,6.842628062937616e-9,6.858184989740168e-9,6.880027341717673e-9,6.908664638311196e-9,6.84745899814954e-9,6.870772070042153e-9,6.834262433214534e-9,6.805992688492036e-9,6.786243026859559e-9,6.649084242902397e-9,6.635107268500114e-9,6.624995851108016e-9,6.623023232652554e-9,6.604808117086878e-9,6.4927967986057726e-9,6.480452505797369e-9,6.473262371604121e-9,6.429436665902361e-9,6.3706452870238844e-9,6.174762767643569e-9,5.012731326114019e-9,5.02657508503237e-9,5.055011066802758e-9,5.078937444423362e-9,5.107016753945919e-9,5.071018262682297e-9,5.094209043928871e-9,5.1149381921099435e-9,5.138306573256431e-9,5.155613402562765e-9,5.112280514769285e-9,5.1327769567511566e-9,5.152251624961596e-9,5.166126886297103e-9,5.183853013666808e-9,5.134856038645037e-9,5.152249041945845e-9,5.165441185557758e-9,5.178330254335943e-9,5.190194342733772e-9,5.142472585696824e-9,5.152760596408542e-9,5.16483367562113e-9,5.174334328674713e-9,5.1873594301426575e-9,5.126116910462371e-9,5.1352070073516165e-9,5.146453734631934e-9,5.155434947441066e-9,5.16186956574233e-9,5.0970097497152595e-9,5.1106429474867595e-9,5.121416200369697e-9,5.1239415642596934e-9,5.129721330579281e-9,5.065959653434597e-9,5.079802188868457e-9,5.08217530441351e-9,5.083344759714588e-9,5.087845278228591e-9,5.0203620975212855e-9,5.0187416613824284e-9,5.0168712309259825e-9,5.016201589870084e-9,5.01172562243544e-9,4.929957599911617e-9,4.922897815089866e-9,4.910915177165481e-9,4.9109084965750395e-9,4.897718942781262e-9,4.8348298403887845e-9,4.837351365200833e-9,4.910447400772915e-9,4.976818158515205e-9,5.090254612970781e-9,4.590864742587972e-9,4.519268552271287e-9,4.966541160506248e-9,4.952819073147481e-9,5.028975686110935e-9,4.77027758077357e-9,4.732140553301089e-9,4.677042305024921e-9,4.637422244454891e-9,4.6065136775517814e-9,4.524907346757914e-9,4.4926440274788696e-9,4.455019513530675e-9,4.410361689775554e-9,4.368472094766495e-9,4.325955322484239e-9,4.278835432605159e-9,4.23171481545723e-9,4.220134356243943e-9,4.201493629810542e-9,4.184494382939399e-9,4.1773811999850875e-9,4.178756548257925e-9,4.1946920465251515e-9,4.19358629705254e-9,4.189789908249814e-9,4.19608301646451e-9,4.1991050909812445e-9,4.204488253508765e-9,4.225004228214826e-9,4.23885862091505e-9,4.256468630750695e-9,4.2644976030518365e-9,4.264485060190219e-9,4.269803598878451e-9,4.264584540028202e-9,4.269754264683633e-9,4.26694090877473e-9,4.263404177782487e-9,4.266924339087805e-9,4.256183964600954e-9,4.264285543185054e-9,4.265518395537893e-9,4.262398086534434e-9,4.263619524853102e-9,4.244714536326134e-9,4.238331463002159e-9,4.2281216326341195e-9,4.262418298005967e-9,4.294935511860613e-9,4.326107028846166e-9,4.361484418637503e-9,4.405046821496945e-9,4.4503229921273024e-9,4.588351517427865e-9,4.724447372470329e-9,4.875706124583679e-9,5.046175854709305e-9,5.234515755795995e-9,5.448185605887936e-9,5.423265896959248e-9,5.428370830325172e-9,5.437229719533744e-9,5.45648261429778e-9,5.47815874182542e-9,5.452852851679737e-9,5.489935119839137e-9,5.540238114584961e-9,5.593533935636852e-9,5.6455251960749095e-9,5.632150963448597e-9,5.679770099544164e-9,5.713737362438886e-9,5.743812225736598e-9,5.762027677367959e-9,5.719651958360018e-9,5.74989414821066e-9,5.7839425534682605e-9,5.814278477732309e-9,5.839847986497498e-9,5.792679502888084e-9,5.822483064986549e-9,5.849203449474386e-9,5.876650427776319e-9,5.908578636781289e-9,5.868304828215921e-9,5.8783807609658485e-9,5.905401146303211e-9,5.93189249005767e-9,5.968306424896668e-9,5.907759192554504e-9,5.9208399436978945e-9,5.9412975612030825e-9,5.963434251465852e-9,5.9704127652573744e-9,5.917500157319173e-9,5.932870940547513e-9,5.93874549676322e-9,5.940183582723027e-9,5.956535483409797e-9,5.9024813289963946e-9,5.930441008353048e-9,5.9291158869446186e-9,5.928960847951095e-9,5.9287804936810325e-9,5.8699193859223916e-9,5.866027402347077e-9,5.8646009063687945e-9,5.852494575753636e-9,5.841249773488153e-9,5.764858356772632e-9,5.7552843570199375e-9,5.746057992762263e-9,5.741976891978196e-9,5.713063019811798e-9,5.623788995346017e-9,5.607813100131278e-9,5.5937238346200745e-9,5.569426398193537e-9,5.550853445075721e-9,5.480450936305146e-9,5.472325878747208e-9,5.465962264453857e-9,5.455440961304719e-9,5.447627817134612e-9,5.373486420952524e-9,5.340628465152562e-9,5.29838363320466e-9,5.2663101066141215e-9,5.228329907610289e-9,5.115962531352783e-9,5.07956986703895e-9,5.068976545305178e-9,5.0514344058337975e-9,5.03244384983991e-9,4.941060341399071e-9,4.922450525999593e-9,4.906299574436354e-9,4.887085879759504e-9,4.8684001906236235e-9,4.779902229485451e-9,4.760896269601116e-9,4.741095147095399e-9,4.724267577092608e-9,4.70919737209516e-9,4.637186937369845e-9,4.621784080141447e-9,4.617916253772269e-9,4.60793340821788e-9,4.597576389682644e-9,4.578209642936896e-9,4.61050888392656e-9,4.659457712666999e-9,4.71701305422195e-9,4.776827828009389e-9,4.799651814612769e-9,4.8707726043110955e-9,4.940149505586012e-9,5.007362115932482e-9,5.078107020451275e-9,5.07668482671372e-9,5.106104009622503e-9,5.154801683035231e-9,5.210738134956444e-9,5.2759061100008024e-9,5.264038065538998e-9,5.3128920516804196e-9,5.365086251842823e-9,5.407380264200884e-9,5.48266854928198e-9,5.397956488187466e-9,5.5159857279498456e-9,5.666984094617109e-9,5.631085129661223e-9,5.666349552331611e-9,5.554915702758497e-9,5.609625847425118e-9,5.627694868410389e-9,5.622451703262181e-9,5.630774571065186e-9,5.586354247449939e-9,5.610707414877087e-9,5.6256418247822106e-9,5.647183347098165e-9,5.66692832518119e-9,5.607620038585229e-9,5.625366668401395e-9,5.638573316968682e-9,5.659809037842647e-9,5.685291159749073e-9,5.6232453663948436e-9,5.640314557734868e-9,5.651028329156713e-9,5.664474387514778e-9,5.6782913919725975e-9,5.610372527697327e-9,5.623950032283822e-9,5.622132175425294e-9,5.61376343167243e-9,5.601787288156083e-9,5.504655128669704e-9,5.495487027798523e-9,5.488345211057858e-9,5.478533421171492e-9,5.476471849448619e-9,5.390747276335791e-9,5.388919637673839e-9,5.382037152988269e-9,5.368892832720857e-9,5.34304269220724e-9,5.235959384415736e-9,5.2345296534207765e-9,5.24422202586967e-9,5.26025656007311e-9,5.268303260855216e-9,5.19938310917432e-9,5.2036768900859684e-9,5.215067310902993e-9,5.213399062404338e-9,5.209750951183278e-9,5.1402418902273386e-9,5.133696705175524e-9,5.120318589827736e-9,5.123211794697045e-9,5.1294985975510235e-9,5.067463310807747e-9,5.07365280428561e-9,5.0800830247055785e-9,5.0787683701031955e-9,5.0829393740250585e-9,5.021606771503673e-9,5.024146148280061e-9,5.024843936721648e-9,5.021648720622409e-9,5.024399587110452e-9,4.964636318394174e-9,4.973071740437535e-9,4.982465659683285e-9,4.989467215678845e-9,4.993204739231582e-9,4.935249033903903e-9,4.947267351765507e-9,4.951128558234539e-9,4.951719479375522e-9,4.955051969037535e-9,4.899403635671732e-9,4.908301756131636e-9,4.916056128325609e-9,4.9206978020454385e-9,4.930685282505972e-9,4.869951649392998e-9,4.880562691896586e-9,4.890355920013102e-9,4.895499408512265e-9,4.901564953538679e-9,4.841565659556111e-9,4.854659726786185e-9,4.862973440052455e-9,4.866864994449159e-9,4.873844337026542e-9,4.817878848079157e-9,4.829926023313883e-9,4.834612738190898e-9,4.842940998165263e-9,4.852189932923678e-9,4.801821708325655e-9,4.804910952407465e-9,4.811885649707546e-9,4.8212716854163545e-9,4.834965613277975e-9,4.7799206944869694e-9,4.776740446285372e-9,4.7780085043968985e-9,4.781211843030967e-9,4.774863879177475e-9,4.730407449510011e-9,4.722964954803393e-9,4.710716008899688e-9,4.695942477410566e-9,4.684826011425623e-9,4.653827609732247e-9,4.6507462015426454e-9,4.701845003127454e-9,4.742024665446344e-9,4.8194300732510046e-9,4.682701568616456e-9,4.786916080730487e-9,4.927014972753824e-9,4.634313664955894e-9,4.679632189849808e-9,4.848883499126836e-9,4.835750811205248e-9,4.898476962259935e-9,4.886563073437996e-9,4.864202943172192e-9,4.793813733900708e-9,4.806410653389041e-9,4.802401684186768e-9,4.766796383875889e-9,4.757824951589289e-9,4.6710362389930915e-9,4.6512345453696515e-9,4.623792855885833e-9,4.595563673123075e-9,4.5821064627984215e-9,4.577968663934007e-9,4.611290585437209e-9,4.621658519278252e-9,4.628735795928815e-9,4.641870337733967e-9,4.646087492412245e-9,4.66723376512635e-9,4.641491832556838e-9,4.620759575597344e-9,4.611785220710536e-9,4.589546528833301e-9,4.586507189049553e-9,4.5841794587214235e-9,4.599175102152116e-9,4.607670993488087e-9,4.592185341522255e-9,4.590258075068807e-9,4.581370534713361e-9,4.569278361271063e-9,4.622453023079454e-9,4.66050188390524e-9,4.713785766526771e-9,4.770446774874496e-9,4.84076865299691e-9,4.9249516589486414e-9,4.9296035567587045e-9,4.9615773162664796e-9,5.001453074712516e-9,5.037958922174804e-9,5.076369205925294e-9,5.0739723465209444e-9,5.096644765744748e-9,5.116119277537501e-9,5.137002331842539e-9,5.159304224758856e-9,5.126755695198344e-9,5.169075819076621e-9,5.2461251726642505e-9,5.3222975875329375e-9,5.394785674183945e-9,5.4044793844671914e-9,5.4717847329456725e-9,5.5494028019235985e-9,5.621420894656236e-9,5.689354874199452e-9,5.68551637919364e-9,5.753944941829495e-9,5.825042329712792e-9,5.905428908398873e-9,5.967634179085488e-9,5.953152663294113e-9,6.026575565681013e-9,6.098025725985344e-9,6.160828695520008e-9,6.225091437812972e-9,6.2003254505004025e-9,6.263018427990368e-9,6.322067446978946e-9,6.378882826972801e-9,6.443804119674226e-9,6.418028354524603e-9,6.479836094796273e-9,6.533198025883853e-9,6.596556180290343e-9,6.654963128226012e-9,6.590255122248904e-9,6.652880276631822e-9,6.7061719550896175e-9,6.749687100546659e-9,6.790040058292941e-9,6.715563123330305e-9,6.760816786015327e-9,6.817480374994122e-9,6.858923043281958e-9,6.892283900411624e-9,6.790244146192725e-9,6.843462296237571e-9,6.8726080895359425e-9,6.907428969382192e-9,6.944803396052918e-9,6.839566713731515e-9,6.854206781513563e-9,6.891171879548205e-9,6.9227274126466545e-9,6.966644243631449e-9,6.861981711993814e-9,6.880774504826888e-9,6.911281411114702e-9,6.9419365902263745e-9,6.9596798003242826e-9,6.8443943340900916e-9,6.855760430600534e-9,6.874586916255534e-9,6.874702483690309e-9,6.877697743924778e-9,6.7455672135668314e-9,6.74131350961161e-9,6.716899754478124e-9,6.683741183482653e-9,6.655468224551125e-9,6.506363406884679e-9,6.47865406601082e-9,6.4624039891443e-9,6.435388142312208e-9,6.399381183581764e-9,6.273160025779687e-9,6.29437854640374e-9,6.330741367021516e-9,6.3713617110523216e-9,6.393955728295079e-9,6.287633751869059e-9,6.311920207398254e-9,6.348991719569722e-9,6.397360220415823e-9,6.422622493188357e-9,6.324339093082851e-9,6.369935983291108e-9,6.451466570469145e-9,6.4897815570456345e-9,6.53233862076029e-9,6.421007286644076e-9,6.466264492268703e-9,6.547805404396638e-9,6.660445483024743e-9,6.733493161868552e-9,6.654652935466058e-9,6.736385220267138e-9,6.84213293177011e-9,6.9375391170389505e-9,7.010191384183173e-9,6.945976570898433e-9,7.021227015924148e-9,7.085154375767233e-9,7.231413002631686e-9,7.402368391700292e-9,7.512551149381606e-9,7.776031314288488e-9,8.048693073774468e-9,8.28384487438748e-9,8.655863194281399e-9,8.929576529632449e-9,9.322341048000955e-9,9.635618851307451e-9,9.923636188900007e-9,1.0128793585393446e-8,1.0174316238961162e-8,1.048941351107353e-8,1.0977337664676807e-8,1.1366134756847014e-8,1.1813850066162168e-8,1.1583393753003695e-8,1.1585800124613298e-8,1.1507155102193498e-8,1.146835497335825e-8,1.1560029682385685e-8,1.0391657574648247e-8,8.74929749128205e-9,8.790635837023968e-9,8.826200654712836e-9,8.894509252400223e-9,8.696920278524563e-9,8.767404210803245e-9,8.755815349100973e-9,8.701906155764095e-9,8.672423458778965e-9,8.55671224121642e-9,8.534919159504896e-9,8.492093214235112e-9,8.440029186807089e-9,8.430734523520691e-9,8.285539486962255e-9,8.229875139064508e-9,8.202643296516175e-9,8.171158712408335e-9,8.124134829768049e-9,7.991461119795878e-9,7.945914570018779e-9,7.911949107038973e-9,7.852964881942845e-9,7.745737060518889e-9,7.529350197980936e-9,7.3997929231593815e-9,7.258358750984054e-9,7.132146284655948e-9,6.99290331603783e-9,6.794167012822504e-9,6.691886131756403e-9,6.606563839499104e-9,6.528802348817265e-9,6.471167406589371e-9,6.321641279031304e-9,6.2736977926286065e-9,6.213630001773237e-9,6.1495947515289056e-9,6.100754022800948e-9,5.992912643758036e-9,5.961545614551687e-9,5.934312321600901e-9,5.90808616557226e-9,5.876070997599403e-9,5.760658176464465e-9,5.734786610405786e-9,5.710692255417045e-9,5.6964832895454185e-9,5.673574980537936e-9,5.598962315287615e-9,5.604898748145983e-9,5.619851338448724e-9,5.633719244199093e-9,5.645614982624391e-9,5.585968317270202e-9,5.6033234320736465e-9,5.616896111969821e-9,5.632467657843707e-9,5.650504823298096e-9,5.58278509978454e-9,5.597930498250355e-9,5.596651308368838e-9,5.598200353812292e-9,5.601886091843754e-9,5.526951689193314e-9,5.532625906618312e-9,5.535919040206467e-9,5.545207167622858e-9,5.553854257658042e-9,5.479666339259527e-9,5.48851681305649e-9,5.493577081845015e-9,5.496885595530266e-9,5.532044846070776e-9,5.464037564563446e-9,5.495708530454742e-9,5.523696497893323e-9,5.5451997184758385e-9,5.5672625215730545e-9,5.505703886761432e-9,5.654679265983948e-9,5.794068156645514e-9,5.9216182590877205e-9,6.171144433594588e-9,6.503476795906283e-9,6.5568030147252365e-9,6.600281990332553e-9,6.633441356980006e-9,6.6694916277650795e-9,6.585930249203872e-9,6.614271703134314e-9,6.652592639441003e-9,6.693122307188529e-9,6.722844538483478e-9,6.640135595492604e-9,6.674146185577225e-9,6.7163162137129525e-9,6.723780904455841e-9,6.737592659752941e-9,6.648432301169987e-9,6.664984326020307e-9,6.668912989732434e-9,6.678474199793426e-9,6.689645942948156e-9,6.557279352801094e-9,6.5453903875003484e-9,6.53943630248584e-9,6.535866477949799e-9,6.54286890204298e-9,6.403199585513265e-9,6.4149430258685036e-9,6.421586757311796e-9,6.494980381192601e-9,6.5553161475771885e-9,6.294981231997604e-9,5.1188278838011045e-9,5.404584274505295e-9,5.284058763368573e-9,5.276045940607641e-9,6.178074063957323e-9,6.341767098002051e-9,6.387970548203275e-9,6.466336701203463e-9,6.556071634530498e-9,6.3792445593698104e-9,5.915953738182048e-9,5.8738483283075415e-9,5.70043114257806e-9,5.528800894226573e-9,5.138382580518599e-9,5.134908205074063e-9,5.1791056247284976e-9,5.231583010913622e-9,5.25220417182419e-9,5.274214629019941e-9,5.278485299027438e-9,5.278377175907988e-9,5.281869512650464e-9,5.315552951027883e-9,5.330185701902562e-9,5.655682846193191e-9,5.716784398829e-9,5.732073867275511e-9,5.7406088414658256e-9,5.472436200522167e-9,5.462124395185585e-9,5.465132028304941e-9,5.457672216245327e-9,5.4726916376643785e-9,5.303195274742373e-9,5.3726172806056305e-9,5.501766840737378e-9,4.904440087930225e-9,5.454478552810361e-9,5.447807507838393e-9,5.6576221382201734e-9,5.059691134385256e-9,5.615049203512899e-9,5.7296308752102975e-9,5.779963085971089e-9,5.217221897139717e-9,5.934296189943847e-9,6.084461092203313e-9,6.316340897955656e-9,5.551662955577426e-9,6.329679870288083e-9,6.4430604394855505e-9,6.634374885122075e-9,5.819565791386223e-9,6.5513276370800985e-9,6.7198604535759904e-9,6.776656359421288e-9,6.087422700959375e-9,6.709385353739978e-9,6.548431662534878e-9,6.788049558054464e-9,6.133481739450899e-9,6.772384797924347e-9,6.8813639644326985e-9,6.953969403153832e-9,6.374453120592718e-9,7.093616865578908e-9,7.2685878540695505e-9,7.527471954378316e-9,6.605262326448034e-9,7.52874764179281e-9,7.567106981551295e-9,7.710025396178567e-9,6.828659520072775e-9,7.486472192008522e-9,7.51894684609232e-9,7.54605334493772e-9,7.599067410550966e-9,7.642016421918971e-9,7.611580969375315e-9,7.686350895124051e-9,7.74284821404775e-9,7.748662822506475e-9,7.858470737748087e-9,7.935142615649301e-9,7.289602273706498e-9,7.995341834772078e-9,8.087931722260098e-9,8.356038357808422e-9,7.377588609998593e-9,8.310949062768114e-9,8.325655916090255e-9,8.461278439064021e-9,7.512819360264319e-9,8.180188692633355e-9,8.169064806393761e-9,8.161170847857773e-9,8.154937598641871e-9,8.160720879736591e-9,8.08012315840377e-9,8.14878778105974e-9,8.189517874701253e-9,8.105546056311156e-9,8.11146197995186e-9,8.049406647737131e-9,8.073172630843121e-9,8.041112485407545e-9,8.021861845304685e-9,8.030521408886485e-9,7.893322770446887e-9,7.805443873073137e-9,7.695917581725408e-9,7.647724947982762e-9,7.597817156117656e-9,7.421029380996308e-9,7.336074799870759e-9,7.23427653629571e-9,7.150238557885639e-9,7.0788665257735984e-9,6.945487450747005e-9,6.865649964583239e-9,6.769420553017696e-9,6.66573731063013e-9,6.580168195836276e-9,6.436389189053089e-9,6.382452316204937e-9,6.322072405998858e-9,6.271501964685029e-9,6.234638721773397e-9,6.1366631874605896e-9,6.128268223587429e-9,6.135587108786152e-9,6.140532690039761e-9,6.108542002444423e-9,6.023151719589831e-9,6.07302965999631e-9,6.141577845608832e-9,6.207601366001671e-9,6.295319120270445e-9,6.296860650558143e-9,6.386938309152507e-9,6.456314423790847e-9,6.5387274180550075e-9,6.652344720010364e-9,6.737948917936393e-9,6.870658022893566e-9,7.0155176304862476e-9,7.174708463183133e-9,7.351893996421583e-9,7.49061648900762e-9,7.72953546931704e-9,7.963208068658506e-9,8.192263707667532e-9,8.469321094636703e-9,8.609675733176972e-9,8.598194187100399e-9,8.919893068253484e-9,9.319235180594928e-9,9.778413160190316e-9,9.932947007202134e-9,1.048905134284248e-8,1.1284679748645443e-8,1.2224916011451497e-8,1.3118854378709042e-8,1.3129962572625335e-8,1.3579163702242003e-8,1.3836394057772162e-8,1.3812708217262163e-8,1.3471701030377285e-8,1.1193515677802367e-8,1.2628853147801455e-8,1.0487196688981979e-8,8.669731493433737e-9,7.08466879335711e-9,8.044902695542123e-9,7.974707308760736e-9,7.97900567672736e-9,7.014792732143913e-9,8.062195647199266e-9,7.937946362371709e-9,8.00497121129553e-9,6.969225480840492e-9,8.055208229510421e-9,8.055209094439247e-9,7.996567157280896e-9,6.981012986436915e-9,8.043427705172136e-9,8.04751129538465e-9,8.06159229542495e-9,6.992816809466271e-9,7.985918218730047e-9,8.004373652971457e-9,8.049928844011271e-9,6.967746029866271e-9,7.955650244715334e-9,7.968552602233568e-9,7.969648105754492e-9,6.845088680978368e-9,7.988522949770286e-9,7.846240368590761e-9,7.913513721379482e-9,6.73519853736004e-9,7.924660468159498e-9,7.891844831450506e-9,7.753683249836212e-9,6.653008722789641e-9,7.577359868590804e-9,7.482553328624557e-9,7.419556494997781e-9,6.372404043987206e-9,7.28690762707039e-9,7.303005956796406e-9,7.34283221971822e-9,7.40361150874837e-9,7.338736631136922e-9,7.408722161495564e-9,7.4225348951255325e-9,7.417561957511704e-9,7.449090672844423e-9,7.341045533557663e-9,7.321758371937954e-9,7.290165569767992e-9,7.262028013865906e-9,7.241243189772337e-9,7.121740069538931e-9,7.115797429960272e-9,7.0930732649161216e-9,7.081226384784532e-9,7.067499832346625e-9,6.9555752157072894e-9,6.9421058829147475e-9,6.9372284057013436e-9,6.93011878558315e-9,6.9235124823701124e-9,6.809634761828358e-9,6.813512286970862e-9,6.8206295437958366e-9,6.834267115247087e-9,6.8431881151670605e-9,6.731475536550956e-9,6.746437790472946e-9,6.759571735732088e-9,6.77006718558073e-9,6.789683740427299e-9,6.6830060298599426e-9,6.7068053493854214e-9,6.721345176930196e-9,6.742175051396288e-9,6.7614872717647704e-9,6.6699520424324504e-9,6.681576959594688e-9,6.707026507004695e-9,6.728788129726198e-9,6.7586152852930605e-9,6.660472658975589e-9,6.6756943069444905e-9,6.696132142441628e-9,6.72826540204861e-9,6.736243184601493e-9,6.637916746562987e-9,6.655154985174606e-9,6.67824047544502e-9,6.6868896231723764e-9,6.7041369889935735e-9,6.609436786238716e-9,6.633499031563307e-9,6.6435385125521e-9,6.662743622125881e-9,6.683287895140847e-9,6.604453195934303e-9,6.624894267225912e-9,6.645771514273821e-9,6.672566780531312e-9,6.702692343005855e-9,6.591921854095872e-9,6.622492554006761e-9,6.651163064150183e-9,6.679568328687299e-9,6.696695864286299e-9,6.593509539801749e-9,6.634391486842674e-9,6.672335067028339e-9,6.752296047089225e-9,6.827123675827978e-9,6.620628136609003e-9,6.495941735850875e-9,6.327767156266902e-9,6.17563038561747e-9,5.410931740055397e-9,5.424453561693438e-9,5.2550045755711955e-9,6.151190333900986e-9,6.267154676364433e-9,6.410407412931301e-9,6.286146851519326e-9,6.333255509650721e-9,6.38745796787993e-9,6.41410585003815e-9,6.4275067080106764e-9,6.18292165306112e-9,6.20663833197546e-9,6.216299866855593e-9,6.1989502230087604e-9,6.201896643955074e-9,5.933986214869497e-9,5.95250179126404e-9,5.999957100202936e-9,6.051914878146032e-9,6.1116071659256935e-9,5.830239379495159e-9,5.834697820767197e-9,5.91655192983039e-9,6.2402017341097105e-9,6.515867975465038e-9,6.3939396296758835e-9,6.563694486483118e-9,6.578672908351343e-9,6.7715933262135674e-9,6.8881018333598545e-9,6.752669402605827e-9,6.972571217558581e-9,7.232091188100745e-9,7.317916331642394e-9,7.393005069318758e-9,7.085792904405708e-9,7.021521455383318e-9,6.891056489537267e-9,6.7502243217395436e-9,6.6197746332682265e-9,6.166947431824669e-9,6.061581383077705e-9,5.957690872240406e-9,5.872566472486451e-9,5.890400649643882e-9,5.744737888561596e-9,5.81741160046968e-9,5.861006649567737e-9,5.905619367262188e-9,5.979662026820854e-9,5.920035698086047e-9,5.983981921880347e-9,6.021639475670908e-9,6.011877062072386e-9,6.029635089993925e-9,5.991692132702087e-9,6.009298701403249e-9,5.983012570008815e-9,5.9604963717528784e-9,5.9682496721322416e-9,5.949590940490111e-9,5.950699661747092e-9,5.939076965662008e-9,5.92914054657719e-9,5.956375090814956e-9,5.945125433538842e-9,5.9660053953627315e-9,5.97388720924174e-9,5.988146945640219e-9,6.008481103198507e-9,6.005868520555513e-9,6.036936078918707e-9,6.051261948475034e-9,6.0686032270716764e-9,6.104038495311959e-9,6.116521718338079e-9,6.152121718076006e-9,6.126767013987943e-9,6.162143989616273e-9,6.1362185486479225e-9,6.07908213360799e-9,6.054632604018828e-9,6.064490800816981e-9,6.089735766285594e-9,6.123983031120307e-9,6.0765044262929e-9,6.118240954769049e-9,6.157911854603355e-9,6.205312131923641e-9,6.233331554034444e-9,6.165661766254209e-9,6.209178762922498e-9,6.247658644458908e-9,6.2696764658504294e-9,6.3002748100665085e-9,6.213324051467136e-9,6.242511351895525e-9,6.26376733725362e-9,6.277113744431466e-9,6.303151103700719e-9,6.214926855761717e-9,6.239287718072905e-9,6.276019076457818e-9,6.306647314545973e-9,6.332043762248384e-9,6.224224351107685e-9,6.244296653424942e-9,6.261122361726469e-9,6.274708635640253e-9,6.289356003609707e-9,6.1652459208851226e-9,6.16891222597754e-9,6.1809287807776805e-9,6.177566222053929e-9,6.172014835013849e-9,6.046650899837744e-9,6.04037198682241e-9,6.032370850078823e-9,6.029795644002233e-9,6.014576669416645e-9,5.8732357034273945e-9,5.8451578427333195e-9,5.818437808649123e-9,5.790705971601127e-9,5.766664467570192e-9,5.611163754062669e-9,5.566395551812084e-9,5.526332526454061e-9,5.485709869841616e-9,5.440327716629645e-9,5.29103186267923e-9,5.2813516581662e-9,5.27344725504098e-9,5.2581027796228774e-9,5.24746550326976e-9,5.147941755487234e-9,5.147950955475796e-9,5.126010250585096e-9,5.099514675937042e-9,5.06488967062042e-9,4.936100059118432e-9,4.907216028986581e-9,4.885255036791448e-9,4.883291043094536e-9,4.877361253486915e-9,4.788083225493078e-9,4.78904281036765e-9,4.789447835094366e-9,4.8001305720320534e-9,4.809733074267364e-9,4.770017358296466e-9,4.7998564282787265e-9,4.842634732246387e-9,4.894254085319661e-9,4.952346134275782e-9,5.037211317880232e-9,5.1620855628547665e-9,5.27495668343797e-9,5.377777196108536e-9,5.472518044463172e-9,5.496988932099807e-9,5.590547937567566e-9,5.6593850316983054e-9,5.728250543823442e-9,5.816811897341003e-9,5.815986169895413e-9,5.893453660659203e-9,5.9388125066884344e-9,6.01258491689285e-9,6.151231991539221e-9,6.133752634873186e-9,6.308910028647627e-9,6.2433163554252584e-9,6.291669519945389e-9,6.3403758556710005e-9,6.218513002496492e-9,6.264453310277719e-9,6.262308339900538e-9,6.249453385785493e-9,6.240027386758703e-9,6.1820838524657954e-9,6.175236235114464e-9,6.1776567968184026e-9,6.176894877418154e-9,6.175424502472466e-9,6.111807073425294e-9,6.116279877933437e-9,6.1151573055690474e-9,6.123570785089692e-9,6.129971643886135e-9,6.0625838180040814e-9,6.067422168225939e-9,6.067532842860408e-9,6.067932254875617e-9,6.068921720453527e-9,5.987613791199787e-9,5.970161392286346e-9,5.941852650255913e-9,5.912823782937431e-9,5.8865533810774e-9,5.788254934093244e-9,5.76100097747696e-9,5.7440528825949275e-9,5.7222542191678476e-9,5.707722445693887e-9,5.608201279345731e-9,5.592457756518052e-9,5.574197191273844e-9,5.557542394838787e-9,5.540330201338752e-9,5.4559789412357965e-9,5.449554293186549e-9,5.443995923961155e-9,5.433365389891939e-9,5.430936676154792e-9,5.353608925015314e-9,5.34768781392217e-9,5.345478767407772e-9,5.343926466487621e-9,5.338623441088582e-9,5.26731279600176e-9,5.269236726535018e-9,5.2628343307728135e-9,5.268942094118053e-9,5.275333118533636e-9,5.2117801765652826e-9,5.215060428501972e-9,5.217141970002965e-9,5.22043225810945e-9,5.223659271457341e-9,5.167184077302067e-9,5.173899588667808e-9,5.181202274237079e-9,5.187632917927992e-9,5.196237096335179e-9,5.138856440089557e-9,5.156148166740283e-9,5.167952949897076e-9,5.1828073055134654e-9,5.2034412776334155e-9,5.156694143051563e-9,5.175022459163048e-9,5.1956299790908645e-9,5.217424263358436e-9,5.242410193836287e-9,5.200022086203532e-9,5.236160015712247e-9,5.27082074480851e-9,5.302466062840888e-9,5.330240682466565e-9,5.287689388185374e-9,5.319630342126504e-9,5.3555868782301125e-9,5.3845837475630486e-9,5.414084038448465e-9,5.370087003340915e-9,5.408192784197814e-9,5.412070926099916e-9,5.420987328262161e-9,5.428391276169664e-9,5.366114268571352e-9,5.37003097069052e-9,5.377796265969336e-9,5.386686500443668e-9,5.398229119453007e-9,5.326798514761404e-9,5.336347973274657e-9,5.34149850460391e-9,5.345494709657874e-9,5.38325283174638e-9,5.318200279424739e-9,5.3455138700885445e-9,5.373064118006749e-9,5.397732229407636e-9,5.498110714236956e-9,5.526129822136734e-9,5.6596807568007505e-9,5.90580274836283e-9,6.015672683155579e-9,6.478260754428194e-9,6.4284948208489305e-9,6.423866289261236e-9,6.413539771878737e-9,6.485510514263767e-9,6.567373175154747e-9,6.264509412508926e-9,6.0681294241876016e-9,5.1607823609959e-9,5.394906289999624e-9,5.332159444340417e-9,5.837259207836217e-9,5.9749757266314895e-9,6.143061514836691e-9,6.28873068446009e-9,6.434257621463667e-9,6.282528073063913e-9,6.4099790244461045e-9,6.563740087592006e-9,6.742568446466711e-9,6.850775099151778e-9,6.702428836221942e-9,6.772087159100323e-9,6.705306206631708e-9,6.613839670011125e-9,6.549492574199904e-9,6.396996675849559e-9,6.523859355785204e-9,6.659540876755542e-9,6.817247322812277e-9,6.98139430467558e-9,6.831000908446421e-9,6.928875596337948e-9,7.0262209457695995e-9,7.091434068969188e-9,7.1878610296627265e-9,6.948196967742188e-9,7.064006472262981e-9,6.908431067994074e-9,6.725870413845961e-9,6.512619267373606e-9,5.9452056546037596e-9,5.67494998616058e-9,5.441793947965273e-9,5.3290708546293175e-9,5.436535188565833e-9,5.322127406843264e-9,5.384195750824409e-9,5.403834796349194e-9,5.450559202519801e-9,5.53173285374908e-9,5.487214060016361e-9,5.5463404695155025e-9,5.581209726081648e-9,5.6027922483979014e-9,5.657045122646566e-9,5.668556733036605e-9,5.732625741280838e-9,5.766550317777918e-9,5.796461373849283e-9,5.852171876435013e-9,5.883326168657328e-9,5.9359677688407654e-9,5.962580596142427e-9,5.9959426303237095e-9,6.054139421656863e-9,6.0430751437374486e-9,6.09541863880115e-9,6.119296497817767e-9,6.143675506895223e-9,6.176892458282018e-9,6.161404709483187e-9,6.24279156469298e-9,6.299535357309438e-9,6.291693220532933e-9,6.338707030301344e-9,6.331472976391641e-9,6.393762120018571e-9,6.430336186273611e-9,6.467776945508106e-9,6.5379676231517844e-9,6.484395198976133e-9,6.503279528641663e-9,6.502756541095771e-9,6.529191896959172e-9,6.5898575962890534e-9,6.5116779323850166e-9,6.519199445907357e-9,6.511419876338986e-9,6.5027260428013515e-9,6.508652444268639e-9,6.4692849735027114e-9,6.482871951805794e-9,6.469008168923457e-9,6.453113819398439e-9,6.460683301607826e-9,6.408557358334247e-9,6.417457781373166e-9,6.390650253333362e-9,6.3354928668346385e-9,6.288752636659078e-9,6.184343328401325e-9,6.1165590738957676e-9,6.066047065616434e-9,6.049424614490394e-9,6.051311225473239e-9,5.968058612312057e-9,5.9817151074193076e-9,5.997521436503204e-9,6.027926369635087e-9,6.045867320151078e-9,5.960370313529559e-9,5.984240655337895e-9,6.013031811774442e-9,6.0204596466753895e-9,6.032102957778758e-9,5.921953029934366e-9,5.932408544582222e-9,5.9348473568840436e-9,5.930690027576353e-9,5.9253895410866965e-9,5.808361005592476e-9,5.801767901117268e-9,5.798892400010131e-9,5.7959613783367605e-9,5.796787669670252e-9,5.690683740999334e-9,5.694629912688881e-9,5.688639388031573e-9,5.680749342773787e-9,5.674415375913361e-9,5.563114453766679e-9,5.547267840548502e-9,5.539157884477049e-9,5.515640536018623e-9,5.4898365128927735e-9,5.37260328539119e-9,5.349716696414762e-9,5.325004376359679e-9,5.295107126192467e-9,5.2683798259212545e-9,5.150538282632537e-9,5.126273649631063e-9,5.092708004093498e-9,5.070098226946688e-9,5.074814628947214e-9,4.986396827462369e-9,4.989949537710911e-9,5.003324580314917e-9,5.024856101435137e-9,5.0452383534120064e-9,4.971872685264395e-9,5.0047624862010975e-9,5.050046901143607e-9,5.090495828937973e-9,5.129292324605803e-9,5.0962707830539645e-9,5.125797457967425e-9,5.177056420463197e-9,5.295945365509709e-9,5.414008461931045e-9,5.471391299230893e-9,5.583184702293754e-9,5.693527109474463e-9,5.855562894353403e-9,6.030233894799299e-9,6.134719760455051e-9,6.291756953284351e-9,6.405130874893752e-9,6.474515621095509e-9,6.60241300815674e-9,6.609742311196364e-9,6.74949824526687e-9,6.906973965201299e-9,7.1305964550205635e-9,7.373203546801551e-9,7.0828313157684055e-9,7.2566934192878434e-9,7.403399066848674e-9,7.54586495976042e-9,7.774369625323136e-9,7.055997809373678e-9,7.108741690985748e-9,7.097494442848068e-9,7.068409317214648e-9,7.044106501884231e-9,6.9555130614747825e-9,6.9490413043754924e-9,6.941862949332001e-9,6.931774751488279e-9,6.935895839674921e-9,6.858830738229405e-9,6.850716306010152e-9,6.839130237855541e-9,6.831732103092701e-9,6.836553100806979e-9,6.763691043335671e-9,6.784020482883548e-9,6.792256867808003e-9,6.801261164101015e-9,6.811246094476213e-9,6.737014907838419e-9,6.746545440619653e-9,6.74111065236909e-9,6.7265691749399624e-9,6.692086407698147e-9,6.569316462434573e-9,6.544682931720014e-9,6.521178854389739e-9,6.492362682924884e-9,6.457016953626963e-9,6.3367772725279365e-9,6.316382933450651e-9,6.3114638538141025e-9,6.3240329213691025e-9,6.362910247830968e-9,6.3087504225631084e-9,6.329377062831454e-9,6.361293538345131e-9,6.400624165211875e-9,6.423790362427863e-9,6.360761465954369e-9,6.383486763625839e-9,6.410150051931162e-9,6.545314879598389e-9,6.572829972748984e-9,6.457631078795439e-9,6.465891487843836e-9,6.47946042200127e-9,6.4856261517768965e-9,6.820842729833132e-9,6.7254503675871695e-9,6.7464643196724134e-9,6.772691181506997e-9,6.77463435432381e-9,6.791074470622075e-9,6.7028431147518e-9,6.723401726060971e-9,6.741805313188393e-9,6.766503865604149e-9,6.783131454181229e-9,6.7000024210637055e-9,6.7186215567507465e-9,6.736119821158319e-9,6.769565251178501e-9,6.794972372194981e-9,6.706270918837817e-9,6.723207326956597e-9,6.74912846953665e-9,6.7819679060137475e-9,6.802339939601584e-9,6.716366924277066e-9,6.736316002017617e-9,6.7581778851499975e-9,6.7672176146418415e-9,6.777580830473931e-9,6.667144603556082e-9,6.638050358397261e-9,6.632926433720625e-9,6.6441031378199926e-9,6.674888731185412e-9,6.538350427595304e-9,6.564887909164361e-9,6.591692122220834e-9,6.629826803745174e-9,6.685653459110118e-9,6.5459762893133495e-9,6.578533295190569e-9,6.612310889462956e-9,6.652983811697209e-9,6.679251573400565e-9,6.552530868337722e-9,6.588738126643184e-9,6.623391146878092e-9,6.642923971628363e-9,6.675434593607968e-9,6.556568395931615e-9,6.596877024615691e-9,6.620707706338117e-9,6.650536973119582e-9,6.689648871863125e-9,6.577626219693236e-9,6.5989726300339185e-9,6.625469635102437e-9,6.655394150177134e-9,6.6974009147134395e-9,6.5494166622500114e-9,6.571470341970139e-9,6.5866662385728125e-9,6.621596526866036e-9,6.639922589981543e-9,6.4618655316964365e-9,6.458537140675498e-9,6.455818150237964e-9,6.474727700847166e-9,6.4718345763970284e-9,5.0411875008362975e-9,5.233847731671622e-9,5.173685418793853e-9,5.254359706867004e-9,5.457284011272566e-9,6.050629186174619e-9,6.1039412398892075e-9,6.253861995223244e-9,6.394292704325263e-9,6.5229679148156316e-9,6.4813860653790115e-9,6.53481592959361e-9,6.5472724948030854e-9,6.57332182567632e-9,6.576986349507265e-9,6.306685784194602e-9,6.2717955979114625e-9,6.274168299467661e-9,6.395628373782036e-9,6.53625861762695e-9,6.374126255867044e-9,6.525084427735625e-9,6.645453405259416e-9,6.791513173422135e-9,6.788385876663524e-9,6.4231780417459885e-9,6.356930055220498e-9,6.271821668677237e-9,6.187804010063206e-9,6.105557261062537e-9,5.4917529793699066e-9,5.312843356103617e-9,5.2827330791872385e-9,5.259830906112495e-9,5.237582692791001e-9,5.186791663537599e-9,5.232852407766751e-9,5.237563725083632e-9,5.227308987593608e-9,5.243564397324964e-9,5.247463785304729e-9,5.285224840196878e-9,5.291677950473446e-9,5.2967762098646044e-9,5.328005041351002e-9,5.3491054791908235e-9,5.3870784299787284e-9,5.4177997067938825e-9,5.453180501652274e-9,5.5068193940421965e-9,5.5115807761459015e-9,5.5711751375692665e-9,5.619931346336815e-9,5.683734513368429e-9,5.7464506150653614e-9,5.752918636873696e-9,5.826762689359549e-9,5.876204991183024e-9,5.908613741261896e-9,5.963789768362536e-9,5.951441821614443e-9,6.000176963867928e-9,6.029908653273023e-9,6.070610738713821e-9,6.1315419744135446e-9,6.1417138420557726e-9,6.201136032698371e-9,6.227981035164758e-9,6.2647386020831e-9,6.3167175303511415e-9,6.322535502758241e-9,6.394779469721783e-9,6.433480938280746e-9,6.479076488163791e-9,6.5291632067908e-9,6.535112768136399e-9,6.594707160074015e-9,6.656607888417023e-9,6.692701129298646e-9,6.7381296299593176e-9,6.729440295592639e-9,6.777791532198627e-9,6.807633613812491e-9,6.840951343543776e-9,6.891731464355694e-9,6.875278808124844e-9,6.915664751351162e-9,6.952348545372068e-9,6.98297917224014e-9,7.038363195834952e-9,7.020574006765095e-9,7.052889647165162e-9,7.077814546525205e-9,7.097442032585554e-9,7.131310330453914e-9,7.104972330417106e-9,7.122967014477118e-9,7.118809668479922e-9,7.118155279806253e-9,7.130118557703163e-9,7.077756504862613e-9,7.025295110306387e-9,6.945282715245269e-9,6.872146412778209e-9,6.808248413416398e-9,6.626617640321188e-9,6.592059061701324e-9,6.581498331600493e-9,6.573671889323245e-9,6.566112907269672e-9,6.43531746734096e-9,6.427558167040052e-9,6.420464855417612e-9,6.423053103712907e-9,6.429315506545937e-9,6.313570533839196e-9,6.325939867006598e-9,6.356746395777323e-9,6.3718590013651645e-9,6.383062658980754e-9,6.262016509499601e-9,6.282649141776075e-9,6.3130692969338604e-9,6.345170048686593e-9,6.388893982702227e-9,6.3010372050896604e-9,6.359052552478769e-9,6.416198424294969e-9,6.510468542777393e-9,6.562165384573084e-9,6.456210498330946e-9,6.491653454744227e-9,6.546957961643354e-9,6.626219854712943e-9,6.704712151054149e-9,6.609218862214903e-9,6.662765971381824e-9,6.712732106153378e-9,6.793060225582621e-9,6.88013818205259e-9,6.812951287582817e-9,6.893370309589149e-9,6.980543729507162e-9,7.061950011188218e-9,7.148316688560999e-9,7.117561824942409e-9,7.251972088548993e-9,7.3508965661307615e-9,7.4209447829485515e-9,7.529230732085371e-9,7.565044041152326e-9,7.815151808218726e-9,8.094982284581534e-9,8.447909558571486e-9,8.775337049537957e-9,9.02304475886618e-9,9.498588841380245e-9,9.956605505995797e-9,1.0413870905320121e-8,1.0921853540688457e-8,1.1058165312279903e-8,1.117310789481181e-8,1.1323898279138801e-8,1.173210967863887e-8,1.2266770577870642e-8,1.2438204542378285e-8,1.3008515341344793e-8,1.3214147625609766e-8,1.3252511228595451e-8,1.3363171734711045e-8,1.2705077552696444e-8,1.345370539801727e-8,1.1494694729084635e-8,9.424850711932881e-9,9.519657246393244e-9,9.324466645057025e-9,9.419204142204276e-9,9.407473014593906e-9,9.373608903038497e-9,9.334426005435562e-9,9.191870889285426e-9,9.14645726297017e-9,9.135339696693284e-9,9.050488049810888e-9,9.004169681644876e-9,8.852320958547445e-9,8.801189520420962e-9,8.748234589334866e-9,8.708353117187122e-9,8.674677686029366e-9,8.49802865487283e-9,8.45593383383616e-9,8.393495483774634e-9,8.337461544343785e-9,8.286902948644699e-9,8.086227471001706e-9,8.000099378556662e-9,7.84696979987124e-9,7.677711076529265e-9,7.513277145965361e-9,7.228298315466924e-9,7.077762345756246e-9,6.912667852045511e-9,6.754985152153925e-9,6.613230586348372e-9,6.3998991724229436e-9,6.297710264265953e-9,6.204119459663724e-9,6.1225634568837245e-9,6.027514961978708e-9,5.873702529982777e-9,5.829723660723335e-9,5.7833743904864616e-9,5.759542459109607e-9,5.738338998515856e-9,5.650171198919908e-9,5.636452404962819e-9,5.621927013266355e-9,5.603747815666143e-9,5.591157562166498e-9,5.503787388582258e-9,5.4842800367726595e-9,5.47057744628895e-9,5.457662302521347e-9,5.445281386350253e-9,5.368231061672121e-9,5.36175453058608e-9,5.358975456333566e-9,5.354130907261673e-9,5.347122889148018e-9,5.273167429497624e-9,5.262293510458607e-9,5.25525837530528e-9,5.2522886670049605e-9,5.248124069911357e-9,5.1796482916946e-9,5.187140630585646e-9,5.1900005415163304e-9,5.1892569152040745e-9,5.197103857421987e-9,5.134135943325484e-9,5.145567674716642e-9,5.148590674326634e-9,5.151834886327382e-9,5.163146571913909e-9,5.105520590346132e-9,5.12015169627365e-9,5.136040332764758e-9,5.151010512237752e-9,5.1691564746461715e-9,5.11339530079381e-9,5.130464773209428e-9,5.149401969113127e-9,5.1715168780966435e-9,5.188295441050647e-9,5.134519437676126e-9,5.1568474088054506e-9,5.1799081351658e-9,5.197534899961809e-9,5.2188244689336106e-9,5.167467585332241e-9,5.194491440152051e-9,5.2139153205308816e-9,5.235975357971022e-9,5.256776998851596e-9,5.205042601586429e-9,5.223474492841305e-9,5.2455037970276275e-9,5.267260708208982e-9,5.297773437292734e-9,5.237492630866514e-9,5.258945375088189e-9,5.28365068929253e-9,5.30985730010214e-9,5.3256947886294855e-9,5.261249366249767e-9,5.285668880824298e-9,5.311822166478239e-9,5.328270183307313e-9,5.351375049255609e-9,5.275307677480545e-9,5.310232068756729e-9,5.409755664712078e-9,5.518790428260198e-9,5.643106983699148e-9,5.310584958095831e-9,5.412455460208781e-9,5.495678718031576e-9,5.199704763005592e-9,5.241977278895769e-9,5.165708999437771e-9,5.7504104677097396e-9,5.9602184820627376e-9,6.23216164080286e-9,6.318528886830946e-9,6.130668474945423e-9,6.221289412536423e-9,6.368165733893416e-9,6.453053142671982e-9,6.552202571276606e-9,6.304315012314318e-9,6.373119074279984e-9,6.399154747394193e-9,6.4234185500771884e-9,6.4634573525104145e-9,6.2917265177051855e-9,6.422301982828258e-9,6.426497462295389e-9,6.392286953049158e-9,5.266821561609457e-9,6.026687636514283e-9,5.958842338251558e-9,6.020647909199473e-9,5.289333427534216e-9,6.328051958140137e-9,6.065698698078568e-9,6.1572478183534435e-9,5.466182861593866e-9,6.4519251762757054e-9,6.510804792715494e-9,6.2325564578029555e-9,5.548648025545555e-9,6.469516234612267e-9,6.521561125032427e-9,6.573862644563334e-9,5.631311724439277e-9,6.522336867219994e-9,6.591604498841759e-9,6.625611654937774e-9,5.775424143298157e-9,6.539550615283355e-9,6.6266962518164575e-9,6.732348202750578e-9,6.030160827801468e-9,7.034535656938616e-9,6.729749312312864e-9,6.8678713053749594e-9,6.217821295770353e-9,7.1351356699536545e-9,7.279684488311122e-9,7.056783993353887e-9,6.525011549633619e-9,7.49916436233423e-9,7.638839449564975e-9,7.768776916363446e-9,6.872403560609535e-9,7.919897590059474e-9,8.08797415922856e-9,8.194714707408165e-9,7.213481407629134e-9,8.125196924911785e-9,8.251601769141014e-9,8.221464947142792e-9,7.231683306518636e-9,8.039126882828793e-9,7.524667760141155e-9,7.62007954077055e-9,6.86192003312007e-9,7.595579922704467e-9,7.77616770239012e-9,7.819198242387189e-9,7.260759745186598e-9,8.070513333258271e-9,8.218598666471521e-9,8.44624762398559e-9,7.632082599850679e-9,8.617561210314372e-9,8.529694774401398e-9,8.58531528445881e-9,7.517254338474905e-9,8.24671500867207e-9,8.260927282966737e-9,8.290770010995777e-9,8.357197307973255e-9,8.393117206802416e-9,8.25252908848127e-9,8.299453594846292e-9,8.326771674274978e-9,8.302665629859168e-9,8.305265485389988e-9,8.208189354747977e-9,8.202867982063743e-9,8.134924441739135e-9,8.079540849996253e-9,8.00814237330426e-9,7.846879952133184e-9,7.674484175482142e-9,7.518379741467496e-9,7.406597642982618e-9,7.275970702804413e-9,7.069526475323685e-9,7.0120437644626575e-9,6.98578704503126e-9,6.9715509710254665e-9,6.9618141140911144e-9,6.833602757857154e-9,6.817047386424961e-9,6.802954714247212e-9,6.796682389222266e-9,6.788743049723201e-9,6.630141158606819e-9,6.630718830354502e-9,6.629882765821487e-9,6.651872300166923e-9,6.694326741883811e-9,6.603181730376548e-9,6.657801012474124e-9,6.725987635748441e-9,6.77690438287429e-9,6.84150284406381e-9,6.76479080653483e-9,6.8480700902087114e-9,6.957211981346962e-9,7.052331810850882e-9,7.124294376693287e-9,6.964698116402794e-9,7.056545587787701e-9,7.1313979431272456e-9,7.2234735855210305e-9,7.288849501603716e-9,7.222913005877671e-9,7.377161698888462e-9,7.490661914922264e-9,7.593556906451452e-9,7.735432261439083e-9,7.58374979472219e-9,7.717580531135342e-9,7.84922479277282e-9,7.992973924092429e-9,8.137717491505837e-9,8.015069712089968e-9,8.077311918896948e-9,8.200883802001163e-9,8.31804028282221e-9,8.465685713111235e-9,8.407683134412558e-9,8.47196494597278e-9,8.498915050348737e-9,8.637926445229904e-9,8.86630056380497e-9,8.897043675342966e-9,9.155201944546156e-9,9.506894339533717e-9,9.853851480069901e-9,1.0397922551340503e-8,1.0831359910191954e-8,1.1423243265050278e-8,1.2069966347269361e-8,1.2519090838412892e-8,1.276254371277297e-8,1.2867210037977496e-8,1.352649435933511e-8,1.4342743900409922e-8,1.5146238617664864e-8,1.5794562482630803e-8,1.5669059602843353e-8,1.5410308575367917e-8,1.5023080182105943e-8,1.481832485798075e-8,1.4561874171294485e-8,1.2210995936582102e-8,9.718070491712036e-9,9.738473640782138e-9,9.763468540057622e-9,9.768697714750828e-9,9.67871020059985e-9,9.702811610146833e-9,9.661790686566491e-9,9.584544780067515e-9,9.522223924225034e-9,9.349443036736622e-9,9.317632520970588e-9,9.253220155734104e-9,9.164089232786449e-9,9.11989520431278e-9,8.961310211823094e-9,8.945895894924133e-9,8.921937903666955e-9,8.876434138676733e-9,8.83782363812376e-9,8.683642696011491e-9,8.638970526111894e-9,8.590311895468216e-9,8.539883914168828e-9,8.45069130852661e-9,8.216591158093252e-9,8.030145371699129e-9,7.806913690488092e-9,7.611679988502723e-9,7.411152213447035e-9,7.080873245299797e-9,6.893597358303458e-9,6.722649449079108e-9,6.574760813805134e-9,6.431232858058477e-9,6.197694041522699e-9,6.084643444446889e-9,5.974723107408231e-9,5.90298905825815e-9,5.836899220346149e-9,5.708655579271932e-9,5.679980432541913e-9,5.659620230762897e-9,5.636956446682448e-9,5.6267803697296506e-9,5.538642727397662e-9,5.528602306164018e-9,5.522630673613414e-9,5.516061990713067e-9,5.507667781430034e-9,5.439714899169209e-9,5.444137723105249e-9,5.455315525521435e-9,5.473340129183471e-9,5.48703760255908e-9,5.434215360105514e-9,5.456394059334432e-9,5.4773812800460106e-9,5.498896765247891e-9,5.5200704098940215e-9,5.465597320283853e-9,1.0063794568007528e-8,1.1761017882438052e-8,1.1896343588109209e-8,1.2092634687709107e-8,1.0359731314943554e-8,1.1823293232653944e-8,1.1935183823590857e-8,1.1986131850028728e-8,1.00775373192134e-8,9.736822069396739e-9,9.395858498889659e-9,8.453297180374536e-9,9.183484018124011e-9,1.1080609499788614e-8,1.1105631285106196e-8,1.0851435719541312e-8,9.013676879886084e-9,1.077987178438201e-8,1.0757210161876876e-8,1.0736587016523703e-8,8.764571209966319e-9,1.0675482754719104e-8,1.071014074657376e-8,1.0707526188585722e-8,8.642247785941604e-9,1.0673437545255876e-8,1.0692091732405891e-8,1.0692751860353144e-8,8.663234854145458e-9,1.0672970226775535e-8,1.0665346182768505e-8,1.0662123010543558e-8,8.662664503247372e-9,1.0640283496134248e-8,1.066513504915535e-8,1.0616889974641137e-8,8.631754383539243e-9,1.0590410683607521e-8,1.0624207661767776e-8,1.0626025201232096e-8,8.614836497408197e-9,1.0542142775641442e-8,1.0567211918241722e-8,1.0574836746804158e-8,8.495027492726176e-9,1.0472672697796762e-8,1.0497898872896985e-8,1.0499905050915737e-8,8.448970884679792e-9,1.0516148494193595e-8,1.039909668682926e-8,1.0369186899200838e-8,8.315651859924116e-9,1.0274270263088093e-8,1.0250480533543135e-8,9.981843144598094e-9,7.999121288917442e-9,9.776663053972649e-9,9.972180574582165e-9,1.0081581188220979e-8,8.45970477004897e-9,8.680086006389806e-9,8.455402538812254e-9,9.787117927206389e-9,8.312816635379543e-9,9.33265913496534e-9,9.281944287115703e-9,9.386456068179257e-9,8.454232406698936e-9,9.671869189337238e-9,9.202305687557468e-9,9.513737318116709e-9,8.523290140746799e-9,7.760296120686311e-9,9.202640075495437e-9,8.40775727516966e-9,8.507172214447374e-9,8.2670920216567e-9,9.873467260478297e-9,1.0169678548157154e-8,8.079188886904662e-9,9.574366860349622e-9,9.62306409485739e-9,9.740277478307953e-9,8.372206182122461e-9,9.442512765040852e-9,9.449126875964125e-9,9.579010959893937e-9,8.52135226054098e-9,9.673761141123128e-9,8.64097368886882e-9,8.541760773473952e-9,8.369630980333089e-9,8.409396403459931e-9,8.623040293474071e-9,8.657807978112762e-9,8.445119887139961e-9,9.291257026909174e-9,9.854850290299876e-9,1.0458838913086073e-8,1.0409980739827477e-8,1.1000681770511681e-8,1.1512304505584925e-8,1.186071590795761e-8,1.3036142692036285e-8,1.2590574888898785e-8,1.27543079263291e-8,1.4914024787159885e-8,2.1829440630845407e-8,1.3234113247078436e-8,1.3329937647217412e-8,1.2971119401293713e-8,1.3145496780605535e-8,1.338980399802328e-8,1.6091334537738356e-8,1.4911837161737046e-8,1.3980327150326221e-8,1.5909858579551026e-8,1.644729458932845e-8,1.7028428789774678e-8,1.5133195297243052e-8,1.754630217032199e-8,1.7960459690844076e-8,1.85139935960575e-8,1.639543063423321e-8,1.8631097979664074e-8,1.9005779243207985e-8,1.9331172080667667e-8,1.73515195931827e-8,2.0762051479740433e-8,2.0204609522331187e-8,2.0743561397277665e-8,1.882892951107054e-8,2.2234475872816943e-8,2.271143998153102e-8,2.2254473144966655e-8,2.0400219869033094e-8,2.3713239486164462e-8,2.4375254202735046e-8,2.509224634718349e-8,2.2310238366372053e-8,2.602280136674728e-8,2.7110709621706143e-8,2.8118118500705453e-8,2.55506357256198e-8,2.868818883175138e-8,2.9303243071147885e-8,3.034831995694882e-8,2.737204245136097e-8,3.202941244316598e-8,3.113105427405589e-8,3.214875112387424e-8,2.8809486783477583e-8,3.334011601281589e-8,3.429485904052022e-8,3.337310307491474e-8,3.0355988810646496e-8,3.5011617207185175e-8,3.5613670225429055e-8,3.696956313255072e-8,3.171739154583846e-8,3.704678711756636e-8,3.750483832528407e-8,3.8333468586731795e-8,3.505139062388397e-8,3.674168061893592e-8,3.749646772426901e-8,3.855515810524941e-8,3.648980174596656e-8,4.379059017415259e-8,4.259592235166516e-8,4.344718562292733e-8,4.224284971608389e-8,3.951302761682506e-8,3.727220750626268e-8,3.461389826392384e-8,3.3987276292169696e-8,3.3232592841866635e-8,3.211409296059334e-8,3.150781845270751e-8,3.0315001998476186e-8,2.938020894988918e-8,2.872409405612994e-8,2.822752280231293e-8,2.7654208503985852e-8,2.655015165939447e-8,2.620204936417429e-8,2.610861236396708e-8,2.6272557850947868e-8,2.6470419082944943e-8,2.6131343194790682e-8,2.677576820484781e-8,2.777700869148088e-8,2.8774599072835793e-8,3.0321287249312375e-8,3.1109323408843446e-8,3.31636419349035e-8,3.591963635338817e-8,3.889758069290372e-8,4.1795253929841e-8,4.2478817525526985e-8,4.542048695776388e-8,4.764758144501676e-8,5.05123749876588e-8,5.276155964666386e-8,5.376650926227851e-8,5.880254803113307e-8,6.196244496031441e-8,6.608489796917324e-8,6.880544895402034e-8,7.049921648702596e-8,8.438116020964512e-8,1.001397769906318e-7,1.2187152037450445e-7,1.5016544087473805e-7,2.0111234971919294e-7,2.2460853222980334e-7,2.4893365679112265e-7,2.8648989320466376e-7,3.198314188348995e-7,3.3596655890188507e-7,3.4556250210169324e-7,3.3406166149621335e-7,3.115534589800716e-7,2.4706572549335953e-7,1.3890155123352677e-7,6.508727960186753e-8,3.720301455783245e-8,2.9452648293576702e-8,3.5000726101936057e-8,3.472760389500737e-8,3.581480549173967e-8,3.214466455167552e-8,3.704027514322338e-8,3.7118588138509346e-8,3.618375612461082e-8,3.262598612652323e-8,3.586610301486671e-8,3.5401900444220106e-8,3.479208071636831e-8,3.032906752548398e-8,3.2910090245248706e-8,3.2039392235464604e-8,3.144624049080534e-8,2.8270764083569753e-8,2.9562672442880738e-8,2.8754146028534986e-8,2.7941196969856074e-8,2.500700559490533e-8,2.6172014220586936e-8,2.4338778720861857e-8,2.320462241291736e-8,1.97247131543216e-8,2.094582887145118e-8,1.983980208565516e-8,1.8733180425256684e-8,1.6202182742944625e-8,1.770049239425483e-8,1.729238159351063e-8,1.6997749686006462e-8,1.4575468721282952e-8,1.6208635184817046e-8,1.595935732244083e-8,1.5765544209964652e-8,1.3441519768254616e-8,1.509937551681922e-8,1.5008205486788267e-8,1.4889559282272864e-8,1.266531279241945e-8,1.466977918304311e-8,1.4288872957462173e-8,1.4194754232186842e-8,1.2206173860501124e-8,1.3930410179859222e-8,1.3764372185220489e-8,1.3443722529931329e-8,1.1561314758204835e-8,1.3166934411000252e-8,1.3056933754078887e-8,1.297784312600149e-8,1.1103001095067779e-8,1.2650315474391485e-8,1.2635558393372622e-8,1.2666922790884088e-8,1.0983133325883283e-8,1.2524607809052164e-8,1.2574155215499774e-8,1.2651618854385075e-8,1.0855993569461067e-8,1.2794280960554353e-8,1.264564234019888e-8,1.2691512551300323e-8,1.26707726146826e-8,1.2660140656231907e-8,1.2695473064786464e-8,1.2474905589062939e-8,1.2477939426797712e-8,1.2431426684052324e-8,1.2389950121564135e-8,1.233891056369184e-8,1.2001021095388813e-8,1.1989163367627693e-8,1.1986448897630443e-8,1.1992970420420797e-8,1.2017702872086435e-8,1.1677439455581713e-8,1.1690911402625323e-8,1.1734938140237182e-8,1.1842121904253742e-8,1.1897428235342388e-8,1.160803182500088e-8,1.0964611847582104e-8,1.1047332461316553e-8,1.1045225606578461e-8,1.1055719914240915e-8,1.0592989443017502e-8,1.0592913670737128e-8,1.0579056456946114e-8,1.0575053754650539e-8,1.0555580986577725e-8,1.0304940074679198e-8,1.0278251653445837e-8,1.029189523759673e-8,1.0310043259306527e-8,1.035506137651042e-8,1.0179183829251572e-8,1.0235096457148411e-8,1.0286429337977066e-8,1.035359212995473e-8,1.0403207460963084e-8,1.0231508950040873e-8,1.0294967600755803e-8,1.0382136316978829e-8,1.045700311300513e-8,1.053951032711131e-8,1.0337370302379781e-8,1.0693911160917732e-8,1.0763364643275723e-8,1.0802111767384807e-8,1.0820793095480603e-8,1.0473509466645208e-8,1.0432070203363475e-8,1.0407063242473781e-8,1.0499129587103697e-8,1.057933023882278e-8,1.04417401134922e-8,1.0470288618942482e-8,1.0563023210572087e-8,1.0742399683635778e-8,9.946985344837459e-9,1.1580669868996303e-8,1.0700988577910764e-8,1.0779802294740203e-8,1.1624449636853172e-8,1.1657223628198268e-8,1.116403609733443e-8,1.1196867833195613e-8,1.1124440906561313e-8,1.1087570048017092e-8,1.109084449150393e-8,1.0566840577622422e-8,1.0575961841186857e-8,1.0547314871269451e-8,1.0548303796611075e-8,1.0627265612151771e-8,1.0149586155340248e-8,1.0185069387410548e-8,1.0271775313888426e-8,1.0505296358653082e-8,1.0738527787374236e-8,1.0358602262225923e-8,1.0604419444200894e-8,1.0917318051719272e-8,1.1099652174230272e-8,1.1273966231956937e-8,1.0824257811199222e-8,1.1002524818813684e-8,1.1091830891071533e-8,1.1239378701161559e-8,1.1415808902346637e-8,1.0941841556988284e-8,1.1033500248630465e-8,1.1134423779848334e-8,1.1249767190432525e-8,1.1398109162578924e-8,1.117782090378989e-8,1.1591864903911913e-8,1.202233315948572e-8,1.2456515519434754e-8,1.2724499228614985e-8,1.2975440661257688e-8,1.315198671520142e-8,1.3322882366953514e-8,1.3405982150075142e-8,1.3641873845133678e-8,1.3575892592290988e-8,1.3792867488692963e-8,1.3858422519232771e-8,1.3920554353671149e-8,1.4012139429130351e-8,1.4039174690300072e-8,1.4134242756162019e-8,1.419758380902453e-8,1.4481102357932978e-8,1.4811315580746065e-8,1.5144723420856246e-8,1.5479342074878866e-8,1.5813333365087526e-8,1.6266225605983494e-8,1.668228621091421e-8,1.7111215286436446e-8,1.7546977368138387e-8,1.7975520697843943e-8,1.8411240975931e-8,1.894935483644293e-8,1.933188874706879e-8,1.968260122433538e-8,2.0177212972336024e-8,2.068590410873603e-8,2.143603418539861e-8,2.1905478030747796e-8,2.242193158218583e-8,2.293489064601079e-8,2.360065250234203e-8,2.4345835191183643e-8,2.452525545282508e-8,2.5542997413900004e-8,2.6505416997329883e-8,2.7459135219995812e-8,2.8460852793330243e-8,2.892032915691145e-8,3.01559001346009e-8,3.175321765067043e-8,3.281930929198741e-8,3.375201896769277e-8,3.358236670334552e-8,3.470741813424914e-8,3.594604573610027e-8,3.747629996715109e-8,3.825345318326698e-8,3.6984140523099325e-8,3.7652728515629016e-8,3.91535333322485e-8,4.0534842239581616e-8,4.18222315488489e-8,4.04213532590416e-8,4.119842835804672e-8,4.1944916271173623e-8,4.274532377443187e-8,4.3220902119848825e-8,4.1493019487448035e-8,4.127228835856257e-8,4.116411310567421e-8,4.123928581431917e-8,4.114392032991599e-8,3.942612150388419e-8,3.902807365997879e-8,3.817014448212054e-8,3.7824689662148994e-8,3.739742547101725e-8,3.5782342348320924e-8,3.471234167330479e-8,3.4247599329429005e-8,3.3433899176723185e-8,3.3381826291988686e-8,3.291841010956701e-8,3.267807326082637e-8,3.272937512534345e-8,3.283226182750455e-8,3.300335333940578e-8,3.276812493870129e-8,3.3399120641146864e-8,3.3535008613914655e-8,3.372555282734276e-8,3.392600838446365e-8,3.3406612196351017e-8,3.381659944423537e-8,3.4077511855720596e-8,3.4767960769811314e-8,3.5011468471296145e-8,3.427337687832146e-8,3.472558930532259e-8,3.541445913338638e-8,3.5385796191727997e-8,3.609746642137623e-8,3.5522805020947244e-8,3.5721848784437436e-8,3.68867014981541e-8,3.7664279646231616e-8,3.800970905943915e-8,3.6649685785284897e-8,3.7152039549396154e-8,3.691341533317259e-8,3.733025962339015e-8,3.771090570431402e-8,3.7414713636527094e-8,3.8595072605547175e-8,3.990113018314031e-8,4.0227030163532545e-8,4.4520819229690994e-8,4.793525846510102e-8,5.296509711036869e-8,5.840223699700436e-8,6.327168419017686e-8,6.42398344177333e-8,6.716115679153908e-8,7.446635265555699e-8,8.267034425814657e-8,9.077850499030219e-8,1.008627883224184e-7,1.0233671294554914e-7,9.728903015175259e-8,8.822035360841936e-8,9.500110084088961e-8,8.197257605821509e-8,5.828683763326952e-8,4.542159726067082e-8,4.4944203534859594e-8,4.389440431108588e-8,4.308606718088685e-8,4.097317737665596e-8,3.986078765173852e-8,3.840577575768384e-8,3.719073131896609e-8,3.606963597267591e-8,3.3847938945241706e-8,3.291479370933895e-8,3.177307577823605e-8,3.0564649091594854e-8,2.974638890263132e-8,2.828486633409888e-8,2.743996140080945e-8,2.6714052296178398e-8,2.6149147870824622e-8,2.576516574601928e-8,2.44054535970132e-8,2.38378984388714e-8,2.3170273393146093e-8,2.223851162437935e-8,2.127418038616303e-8,1.9816577198956127e-8,1.9013775387471164e-8,1.831478610795469e-8,1.7694849771931726e-8,1.716214463536886e-8,1.6551454902821935e-8,1.6197636893338624e-8,1.5813004264986683e-8,1.548287579416854e-8,1.5241818827625338e-8,1.4829146963427093e-8,1.4621816113225089e-8,1.4356389611736629e-8,1.4150881672882732e-8,1.3960051284028534e-8,1.3628789043375268e-8,1.3525140850843559e-8,1.3413484588439113e-8,1.3317003215961148e-8,1.3240047223915072e-8,1.3031386677169708e-8,1.2980658792202495e-8,1.2877636573365606e-8,1.2755414003782145e-8,1.2624580720526953e-8,1.2371274348537726e-8,1.2306753285898329e-8,1.2195757855655336e-8,1.2097915851191415e-8,1.2031776016312603e-8,1.1792838585637858e-8,1.168908354589726e-8,1.1601910657462257e-8,1.152992279132459e-8,1.1465273573042496e-8,1.1192031197730278e-8,1.1156392852399212e-8,1.1045140128788278e-8,1.0998253898499511e-8,1.0921026199087746e-8,1.0696678709861341e-8,1.0643852672733282e-8,1.057053328433415e-8,1.0525828039032449e-8,1.0485520083837572e-8,1.0271492567815673e-8,1.0236826493267226e-8,1.0187810916841173e-8,1.0150197730121564e-8,1.011740068007416e-8,9.913221678966913e-9,9.888026308298268e-9,9.861881632806446e-9,9.822602678379395e-9,9.802708718982635e-9,9.6045362629023e-9,9.59663047539662e-9,9.563727082308661e-9,9.543079959068288e-9,9.532071440017251e-9,9.348241446638557e-9,9.355253284276416e-9,9.343679128856116e-9,9.333573330771323e-9,9.345480519809103e-9,9.138912364193788e-9,9.146692979040723e-9,9.155602950254002e-9,9.165222064399823e-9,9.17201783326492e-9,8.9823125545787e-9,9.002433274587208e-9,9.035771906891906e-9,9.037829808212132e-9,9.058741812744106e-9,8.8625682117389e-9,8.888464678651015e-9,8.88893921774271e-9,8.899030712265418e-9,8.922152985791991e-9,8.74561224392591e-9,8.74376370857671e-9,8.745688552918417e-9,8.758976865802653e-9,8.789386651903664e-9,8.651511786727566e-9,8.648162976205173e-9,8.644879773916661e-9,8.643551215483726e-9,8.639733568292739e-9,8.584164104659037e-9,8.609987677829022e-9,8.63840080940124e-9,8.65222052365495e-9,8.686720222982982e-9,8.692059766686727e-9,8.767079620437777e-9,8.909628342695917e-9,8.616187685964834e-9,8.575262695744368e-9,8.40076395845445e-9,8.380833693711183e-9,8.322320649734591e-9,8.382149165082337e-9,8.476564363527136e-9,8.331672599382873e-9,8.400790392725489e-9,8.475859928141886e-9,8.583964957848275e-9,8.70960470069143e-9,8.651984409472547e-9,8.76001551760153e-9,8.865715965701595e-9,8.966477922130053e-9,9.113758764825826e-9,9.153062500720897e-9,9.346942034493209e-9,9.52648947720053e-9,9.743705018006881e-9,9.995957979047942e-9,1.0007262482542395e-8,1.0097473258901619e-8,1.0169803624014112e-8,1.0234381238544838e-8,1.0345261739357813e-8,1.0357369268658227e-8,1.046748300471904e-8,1.0464405096932705e-8,1.0628903359407396e-8,1.0905209514519481e-8,1.096314462720917e-8,1.1104856567346453e-8,1.1173016118869304e-8,1.1333368809139742e-8,1.154796564087791e-8,1.1669156352871544e-8,1.1918534479924358e-8,1.2116773222895002e-8,1.2328607736469119e-8,1.2631254721722434e-8,1.2848036266217765e-8,1.3191888400504558e-8,1.3522290505207779e-8,1.3857373599815406e-8,1.432553890119012e-8,1.462488647127869e-8,1.5097028878026943e-8,1.5529760133247895e-8,1.5958851794306357e-8,1.6470311576942726e-8,1.687799529910967e-8,1.7483620456118352e-8,1.8054265409040296e-8,1.8721857289753816e-8,1.9485683504477366e-8,2.0246005427961226e-8,2.1280724085161442e-8,2.2160633203529856e-8,2.3029986047433816e-8,2.41376644461297e-8,2.4980816730549643e-8,2.6140520495026497e-8,2.7410502563246953e-8,2.887775445768034e-8,3.023898686550982e-8,3.1345800658304164e-8,3.2826505848245526e-8,3.4639654422686434e-8,3.66439456617906e-8,3.855383244905562e-8,3.994556860868824e-8,4.1968757461552914e-8,4.35448969891807e-8,4.5367348239447734e-8,4.794840874106329e-8,4.955156818453809e-8,5.237465733730995e-8,5.4706432237326554e-8,5.6887049554076985e-8,5.961261995035535e-8,6.155063661582563e-8,6.389833887870777e-8,6.583380540433774e-8,6.881884739147599e-8,7.177821640437109e-8,7.201870875692416e-8,7.46282038842508e-8,7.499706157477843e-8,7.667785229964172e-8,7.813992280927694e-8,7.704625490509173e-8,7.694852374260272e-8,7.602697138893046e-8,7.60693661064664e-8,7.499238009572006e-8,7.041491248181207e-8,6.951253011808849e-8,6.906091974667097e-8,6.823625629127763e-8,6.659811060462915e-8,6.109682247901595e-8,5.935228970749895e-8,5.7735071633079505e-8,5.627267516863357e-8,5.446100730862049e-8,5.1963718614871206e-8,5.107151575751592e-8,5.087359838018676e-8,5.103433776967554e-8,5.0211933011945846e-8,4.942695351938186e-8,4.9689863053258715e-8,4.863265182041192e-8,4.7957647087689935e-8,4.754987486408595e-8,4.683188617819915e-8,4.681134111405157e-8,4.690505146166579e-8,4.7699451622581674e-8,4.8648102643434324e-8,4.882125129087975e-8,4.932456248107607e-8,4.9326724607048324e-8,5.155348620386696e-8,5.252144068398029e-8,5.371549006896195e-8,5.6682784926330626e-8,5.877963245219275e-8,5.886526471873002e-8,6.08376130028465e-8,6.347565901874738e-8,6.493799577153606e-8,6.687835352525927e-8,6.772798428555588e-8,6.87479306129967e-8,7.080588324768624e-8,7.73826246797709e-8,8.226382570062948e-8,8.853329279937222e-8,8.899205805315805e-8,8.506372189191282e-8,9.596434140927914e-8,1.0201196170164741e-7,1.1211205472937089e-7,1.276714874018688e-7,1.388647684649231e-7,1.5787308569544035e-7,2.1123125049293723e-7,2.563722372090774e-7,3.0935216099510357e-7,3.406569850486843e-7,3.7051920636687325e-7,3.872540893925288e-7,4.0601304249844553e-7,4.2253827161841007e-7,4.324898612614697e-7,4.4605657591003767e-7,4.550086966721741e-7,4.54329290640236e-7,4.465621708698032e-7,4.348514919148924e-7,4.158885534920949e-7,3.7434550222867153e-7,2.9666288105083085e-7,1.8972563573612043e-7,1.7841908805267312e-7,1.7230286337225715e-7,1.628787670182793e-7,1.5226061754351794e-7,1.4333372521961395e-7,1.321977190039634e-7,1.2430496934465931e-7,1.1781945674925439e-7,1.0967571119025934e-7,1.033835529891414e-7,9.266960522781824e-8,8.827758716091969e-8,8.177435711216382e-8,7.738642229610121e-8,7.12102100689747e-8,6.372886465028542e-8,6.083889047771741e-8,5.7212848750399275e-8,5.354344078881878e-8,5.018808599538189e-8,4.373654924082909e-8,3.876333271096545e-8,3.399268363684463e-8,3.0201096770687675e-8,2.6721229207855772e-8,2.3332840699663882e-8,2.1567130585582277e-8,2.019334669600632e-8,1.9145962958743043e-8,1.8476768759250098e-8,1.7640970096914703e-8,1.7384794158956268e-8,1.704036483121857e-8,1.6731561418627306e-8,1.636440900752268e-8,1.5762454113667777e-8,1.5510076325622827e-8,1.5319596867884292e-8,1.5126882322175208e-8,1.5001515735621796e-8,1.4661269430546359e-8,1.4545676933412076e-8,1.438969657597416e-8,1.4234921704636597e-8,1.4130466055082253e-8,1.3824121981182261e-8,1.3699666854058556e-8,1.3575284278003792e-8,1.3474026940455497e-8,1.3403438729638944e-8,1.3199643342883848e-8,1.3134258666015657e-8,1.3037740466833749e-8,1.2905912972138084e-8,1.2800023323708037e-8,1.2548821670311882e-8,1.2469757517356015e-8,1.2357574769468463e-8,1.225638651483243e-8,1.213812359398041e-8,1.1863814885148311e-8,1.1775469465340755e-8,1.1668105948282643e-8,1.158209545233051e-8,1.1498158958857045e-8,1.1244365289704927e-8,1.1168593975792121e-8,1.1104004669619504e-8,1.1020946697010994e-8,1.096576173027022e-8,1.0724891815929395e-8,1.0688712972563493e-8,1.0614597012195948e-8,1.055399529906836e-8,1.0523510808279348e-8,1.0306657255384294e-8,1.02717490139842e-8,1.023179679340007e-8,1.019738655158047e-8,1.018167207561003e-8,9.973662454520904e-9,9.959219386330057e-9,9.948152324653203e-9,9.957031533951274e-9,9.952327281839336e-9,9.766486341569822e-9,9.779617759384427e-9,9.791134830489113e-9,9.806719019558756e-9,9.832319113416839e-9,9.67354034805425e-9,9.702175686558571e-9,9.717443759427995e-9,9.741809570775457e-9,9.776387209453323e-9,9.634259182962682e-9,9.67264805212037e-9,9.709730969853021e-9,9.742397533037488e-9,9.796186468843149e-9,9.624934518327643e-9,9.671229973793748e-9,9.703458279046795e-9,9.749324219437602e-9,9.783237651693155e-9,9.601079180067405e-9,9.641011548894817e-9,9.69240910454159e-9,9.7020330158204e-9,9.734276055880097e-9,9.533304904139228e-9,9.567985712707943e-9,9.54903367580339e-9,9.552835510730007e-9,9.568569987381905e-9,9.48534561017548e-9,9.53456537502489e-9,9.550141718559992e-9,9.553232734430977e-9,9.604146217793404e-9,9.420109759198128e-9,9.217976486802215e-9,9.155931728948404e-9,9.136001008226541e-9,9.121352491247962e-9,8.969041422029288e-9,9.072620253055759e-9,9.163623467018323e-9,9.111781575207384e-9,9.050751821165927e-9,8.707176029115214e-9,8.740906937451253e-9,8.820640743189341e-9,8.983625255789483e-9,9.420097860866622e-9,1.0100230232149136e-8,1.0269474112709809e-8,1.0450516448190262e-8,1.0581989830105604e-8,1.0787961074513394e-8,1.0308147059465052e-8,1.045500202928494e-8,1.0573172383334382e-8,1.0697652564707376e-8,1.0424895925907096e-8,9.463666459458666e-9,9.167799017555354e-9,8.969081553268604e-9,8.822326268147526e-9,8.997493632793671e-9,9.061576859013688e-9,9.51223764471163e-9,9.933992914683656e-9,1.042557225704612e-8,1.1028495897979994e-8,1.1146320626081695e-8,1.1578027797896382e-8,1.1726763592235021e-8,1.19631547673858e-8,1.2270381857042136e-8,1.2039889117656402e-8,1.2358284283854e-8,1.2703332362435139e-8,1.3066824919536801e-8,1.3464826307483593e-8,1.3811366645400792e-8,1.4423431763022054e-8,1.499685290529929e-8,1.534685679401011e-8,1.5929162556131706e-8,1.6342055840490838e-8,1.700122625058117e-8,1.7595797011253798e-8,1.8521174638076818e-8,1.966321069596079e-8,1.9844332212293686e-8,2.095178244315853e-8,2.1738206606260065e-8,2.2618821373354347e-8,2.3935416649867933e-8,2.365670055307929e-8,2.470602432127011e-8,2.569972962577922e-8,2.6858496426022898e-8,2.800351143549995e-8,2.8897456075097396e-8,3.0389695586089137e-8,3.195137189925352e-8,3.315584222697956e-8,3.475809179558342e-8,3.673760047981463e-8,3.9631936987419175e-8,4.081187911418569e-8,4.320892691391571e-8,4.569059103726705e-8,4.695597672109914e-8,4.90630290335378e-8,5.102914425194068e-8,5.3512333916418075e-8,5.611892634389528e-8,5.733370326329079e-8,5.989719206098683e-8,6.214766241971445e-8,6.502338975740068e-8,6.73577254864008e-8,6.783320323887276e-8,7.042975678764231e-8,7.22227554260216e-8,7.357102344436358e-8,7.533275130960837e-8,7.434465744375263e-8,7.514945856166048e-8,7.498183834401557e-8,7.584764979283724e-8,7.720433280946527e-8,7.644966956637574e-8,7.536954456775354e-8,7.381652100810022e-8,7.381851447822724e-8,7.22037917072613e-8,6.796379660049559e-8,6.418316910792542e-8,6.158765663698477e-8,5.9294760804682946e-8,5.8740384651486165e-8,5.441449761355e-8,5.282398759789471e-8,5.1824179686010755e-8,5.1143433103555316e-8,4.997071010549009e-8,4.67165422306638e-8,4.917099539425357e-8,5.101993488010849e-8,5.412086603829755e-8,5.7043752246863734e-8,5.7808081146680404e-8,6.21532176094516e-8,6.940192651170204e-8,7.304582969078192e-8,8.17422135734695e-8,8.353927466650485e-8,8.822926431153032e-8,8.98561006342237e-8,8.771911808512797e-8,8.242353469959489e-8,8.008914752844542e-8,7.559802612224799e-8,7.512144572573039e-8,7.585481988125214e-8,7.386516052233302e-8,7.384968040459856e-8,7.074966871949921e-8,7.137461574886718e-8,7.211209031172567e-8,7.314240149480235e-8,6.936095064476521e-8,6.931235154594617e-8,7.077656477480524e-8,7.339785646618106e-8,7.904020119783783e-8,8.097578925306054e-8,8.641359341744288e-8,8.552775491711026e-8,8.630242716001452e-8,9.554254466765629e-8,1.0765942634806776e-7,1.2889464410853387e-7,1.5920317044752799e-7,1.8509806439181653e-7,2.1313478205508307e-7,4.447177456961833e-7,0.13368432872069586,0.13369834942724973,0.13369900779812696,0.13369925571554478,0.13369939033953168,0.13369948164217552,0.1336995472944947,0.13369959362276976,0.1336996487714614,0.13369966954676443,0.13369966904105812,0.13369965994995317,0.1336996218043645,0.13369954334691037,0.13369921268438528,5.567615052361158e-7,8.153701403801055e-8,8.092231299047507e-8,7.789240713747873e-8,7.557904321503694e-8,7.525476823287346e-8,7.577230403695908e-8,7.593738284868291e-8,7.467563630460607e-8,7.172492745375193e-8,7.06603383330827e-8,6.783862610923028e-8,6.54494512830763e-8,6.321578279628762e-8,5.92747086635284e-8,5.7087351263678726e-8,5.6108457051540173e-8,5.580322288681933e-8,5.537731680314915e-8,5.432847413033535e-8,5.390325065067861e-8,5.35608008510705e-8,5.262053524847612e-8,5.094471887162372e-8,4.749918097018046e-8,4.529492516585959e-8,4.3390522681606454e-8,4.1642367091133245e-8,3.992764154548283e-8,3.744426421541538e-8,3.597660347475364e-8,3.3362931117541214e-8,3.0591480549484024e-8,2.731026954862134e-8,2.3627553074384473e-8,2.1947620447393238e-8,2.0583064885191692e-8,1.972494889950006e-8,1.8908919355515416e-8,1.7818994585748072e-8,1.7351675839165154e-8,1.7120014975703156e-8,1.6936510945667675e-8,1.6778917189432507e-8,1.625331839048805e-8,1.610581412604778e-8,1.5977009014627856e-8,1.5906849075330858e-8,1.586979599028659e-8,1.554257318160479e-8,1.552067422186833e-8,1.5401093250299662e-8,1.5267173801448343e-8,1.517501345351137e-8,1.4760077578332473e-8,1.4650097481691262e-8,1.452449379403848e-8,1.4434815149600217e-8,1.4354395948212413e-8,1.3985268833835544e-8,1.3910859712376546e-8,1.3824194337560987e-8,1.3811454337950763e-8,1.3806068019701212e-8,1.3433078130369965e-8,1.3419449347089554e-8,1.3372992879859124e-8,1.3339934859264713e-8,1.3319351334128046e-8,1.2995310929909726e-8,1.295876874895389e-8,1.2940126477830836e-8,1.2928071051688565e-8,1.294472493514765e-8,1.2582155445791957e-8,1.2565148663199121e-8,1.2565868071719993e-8,1.2581766064304036e-8,1.2569601260159047e-8,1.2231708515507305e-8,1.225811410969215e-8,1.2307274616684667e-8,1.2319798333380835e-8,1.23665229588055e-8,1.204379895410546e-8,1.2146337724843104e-8,1.2231141203250655e-8,1.2301289007781217e-8,1.1625152010255649e-8,1.1341145339381186e-8,1.1387013229197694e-8,1.1454695044896357e-8,1.152635659729794e-8,1.135970964294924e-8,1.1070693284639994e-8,1.1078883974668622e-8,1.1112294730726044e-8,1.120417964914821e-8,1.1279506176159223e-8,1.1046006789904334e-8,1.113792531553356e-8,1.121921240881947e-8,1.1287054947498845e-8,1.1565100502081304e-8,1.1259202287604449e-8,1.1358560366163947e-8,1.1410235083357458e-8,1.148243280876085e-8,1.2352009110694696e-8,1.1983346818935584e-8,1.201350195474093e-8,1.2035659388846637e-8,1.2043641311402322e-8,1.202711397737966e-8,1.1386681031720665e-8,1.1378774807246304e-8,1.1380407790725364e-8,1.1568793205320912e-8,1.1674338029323464e-8,1.1426360877438864e-8,1.1570270778110347e-8,1.1801343861741583e-8,1.0174553085660956e-8,1.2008667188847804e-8,1.153041084800013e-8,1.1670740093499857e-8,1.1918727009174252e-8,1.2213373393513297e-8,1.2564531580956509e-8,1.2332510681107132e-8,1.2557589660063084e-8,1.2523810374303988e-8,1.2485883961792798e-8,1.2600990660398325e-8,1.2116680044650666e-8,1.2181499303784577e-8,1.229232342929283e-8,1.2441963768462331e-8,1.255468318393514e-8,1.197026930151053e-8,1.2367841183829613e-8,1.2773598213545136e-8,1.3156452616383815e-8,1.3634306233176788e-8,1.3244554822002787e-8,1.3787420443115739e-8,1.3993002943534867e-8,1.4142317719875094e-8,1.4276200386578193e-8,1.354759125209278e-8,1.3509191477242304e-8,1.3494774452065385e-8,1.3390638918751589e-8,1.3242949728918099e-8,1.2265657871384117e-8,1.2395857387018785e-8,1.2521528624515575e-8,1.2661241287606855e-8,1.28537063359488e-8,1.2983108351826916e-8,1.3388904458383239e-8,1.364619746365341e-8,1.3566465688558287e-8,1.3770848572937545e-8,1.4137324821448503e-8,1.4620724586853976e-8,1.504663343691109e-8,1.579408804511527e-8,1.675659797721864e-8,1.7000444134547643e-8,1.7986700225395032e-8,1.844228074388975e-8,1.918966295639323e-8,2.0026659246771844e-8,1.993632226863334e-8,2.088219550917677e-8,2.1698027401559003e-8,2.2590777863474563e-8,2.3563177325114258e-8,2.436919020584672e-8,2.561293792486821e-8,2.7117856253665886e-8,2.812189494778201e-8,2.9766533177368558e-8,3.100517943347123e-8,3.3045913404837537e-8,3.484098552232953e-8,3.723456903259697e-8,4.0206245482047845e-8,4.162734662355956e-8,4.493695729276592e-8,4.7326526522210925e-8,5.025839727462633e-8,5.436060126402802e-8,5.517456974966323e-8,5.878408014708009e-8,6.2523215077094e-8,6.713205774903431e-8,7.150069131339114e-8,7.54132400102742e-8,8.092316562368412e-8,8.493199559317746e-8,9.038372590964454e-8,9.705171342760254e-8,1.0199800816560086e-7,1.1213439853964049e-7,1.1955753397868025e-7,1.264599722477763e-7,1.3709158181149738e-7,1.4322695905299816e-7,1.555328488833946e-7,1.7157221767333035e-7,1.7279428163152333e-7,1.8273142504946448e-7,1.916076027549585e-7,2.04432052992451e-7,2.096396793211786e-7,2.3205003384263587e-7,2.5241804410797624e-7,2.469392033262682e-7,2.495493172331831e-7,2.4558064439536524e-7,2.417760733442392e-7,2.721892562199705e-7,4.4665109844195485e-7,7.336336452766531e-7,1.798587385656688e-6,0.32346857775973054,0.3234690440140344,0.32346950691824417,0.3234703364982025,0.3234714285756564,0.3234781009421534,0.32348036169743594,0.323499923726829,1208.237838357257,26442.98759169662,26442.987993925468,26442.98800457675,26442.98800564089,26442.98800628619,26442.9880065554,26442.988006682037,26442.98800677802,26442.988006847612,26442.988006807274,26442.988006776166,26442.988006757267,26442.988006788022,26442.98800678995,26442.98800677907,26442.98800679713,26442.988006804146,26442.988006791355,26442.98800679049,26442.988006817945,26442.988006826643,26442.988006829968,26442.988006816395,26442.988006791766,26442.988006785323,26442.988006800606,26442.988006804786,26442.98800679456,26442.98800677744,26442.98800671957,26442.988006702857,26442.988006661446,26442.988006696647,26442.988006739786,26442.98800677074,26442.988006790765,26442.988006843825,26442.98800688093,26442.98800690071,26442.98800692017,26442.988006932916,26442.988006935746,26442.988006944637,26442.98800695533,26442.988006972293,26442.98800699088,26442.98800700835,26442.988007015625,26442.988007016836,26442.988007001735,26442.988006975553,26442.988006930624,26442.988006857442,26442.988006719293,26442.988006693307,26442.98800666981,26442.9880066392,26442.98800661813,26442.988006577187,26442.98800658209,26442.988006640648,26442.988005891773,26442.988005989082,26442.98788847507,26442.987765527174,26442.987859604356,26442.987971716364,26442.978132513283,5358.830446595192,3474.4590146273663,4.5355389092105623e-5,1.0707742600500156e-5,3.545128770269896e-5,2.5240594421120923e-5,7.367980838769616e-6,5.377107090671105e-8,6.183982998754947e-7,3.3976030760953817e-7,1.1056678584693824e-7,8.874997124692151e-8,6.770341069134301e-8,5.43688830039433e-8,4.34439035386542e-8,3.424790781479628e-8,2.9524140456128412e-8,2.5848148550133224e-8,2.309274454358269e-8,2.161639356945261e-8,2.0258383825875025e-8,1.945194302454721e-8,1.8642907168968763e-8,1.8164838821145657e-8,1.7802124787091102e-8,1.68312870060232e-8,1.640489378716228e-8,1.604957721688557e-8,1.5880413848830765e-8,1.569607996471488e-8,1.522334614644668e-8,1.5173504233996073e-8,1.511948642920618e-8,1.3041041630049864e-8,1.4950735046897585e-8,1.4576731508761419e-8,1.4576028555371538e-8,1.4603078199157292e-8,1.4515053141421519e-8,1.4487153584482818e-8,1.4206416618731103e-8,1.4188824898877497e-8,1.4164029579378033e-8,1.4143788500077369e-8,1.4133038768308359e-8,1.3844211653662954e-8,1.3861320492150028e-8,1.3752926507764687e-8,1.365196552089129e-8,1.3595451169810669e-8,1.3267105172566253e-8,1.316675737939994e-8,1.3046735478963878e-8,1.293505962884383e-8,1.2814656653060925e-8,1.2402267295101594e-8,1.2271900972211467e-8,1.2293056484901296e-8,1.229646210871767e-8,1.2323270274427631e-8,1.2018360531213127e-8,1.0313031877708041e-8,1.2122844106765309e-8,1.2139383595456443e-8,1.2174144325212904e-8,1.0283691909887114e-8,1.1983069923846303e-8,1.1976999126198481e-8,1.2014576935614527e-8,1.0188520505618352e-8,1.182893919471252e-8,1.1863191427381984e-8,1.1934004449611998e-8,1.0138254112067271e-8,1.2091999773601834e-8,1.1841662471731077e-8,1.1981632190374129e-8,1.0173273352103983e-8,1.2145685613513197e-8,1.2207664431600097e-8,1.2039811594437677e-8,1.03530026114155e-8,1.221552129135413e-8,1.2283464301921751e-8,1.235357636576809e-8,1.0493694997352933e-8,1.2258003910967934e-8,1.235725927748573e-8,1.2484633510806059e-8,1.0702967711578025e-8,1.2390204015624922e-8,1.2490802488207472e-8,1.2586919675097914e-8,1.0847545505838464e-8,1.2848252513178979e-8,1.2604659751773577e-8,1.2728848047646175e-8,1.0869922254792297e-8,1.2719244142952819e-8,1.2696423477114183e-8,1.244117333509235e-8,1.0979309890746433e-8,1.2339850756166739e-8,1.2279734602955142e-8,1.2232167740145866e-8,1.0364528827835778e-8,1.0009825665065693e-8,1.1176743514688144e-8,1.104675385429013e-8,9.785274801663322e-9,1.0661640683964875e-8,1.0699952204830041e-8,1.0657573335407473e-8,9.532721436015664e-9,1.0774391269273154e-8,1.0507636259982175e-8,1.0615209184835768e-8,8.840797711656311e-9,1.081785029581858e-8,1.0813164576033886e-8,1.0369813889083024e-8,9.115206364686004e-9,1.0479855998770005e-8,1.047258631742611e-8,1.0839175380661866e-8,8.92855396320259e-9,1.1028765005607861e-8,1.1162094773273991e-8,1.1499595784255207e-8,9.699501486862057e-9,1.1529979149585983e-8,1.1560840650047159e-8,1.184625977778521e-8,1.0053953685804651e-8,1.2332117001463116e-8,1.153338393193157e-8,1.1724243423093904e-8,1.0606698840518364e-8,1.2564192050413298e-8,1.2959231104365922e-8,1.2611482757707418e-8,1.150307495229278e-8,1.370276735798773e-8,1.4183159561243604e-8,1.4662687351238603e-8,1.257808155432954e-8,1.5099135787948923e-8,1.542006611085918e-8,1.56500530106168e-8,1.3573057780450053e-8,1.5277953379157902e-8,1.555535813378875e-8,1.585228772712565e-8,1.4645775439408332e-8,1.6650992420429732e-8,1.616883693866542e-8,1.656269422456903e-8,1.5584687532527046e-8,1.7628630222879412e-8,1.842059429440985e-8,1.852750026851073e-8,1.799262434188433e-8,2.0701882720189215e-8,2.182945174750717e-8,2.2943406896793955e-8,2.126789789397374e-8,2.4967086906583422e-8,2.6027798262156262e-8,2.6937819078573653e-8,2.4696273636024913e-8,2.7829454858905176e-8,2.9067555401749804e-8,3.015579508833401e-8,2.865414912546907e-8,3.33946448458949e-8,3.301801265487883e-8,3.489881390251231e-8,3.3870937850234225e-8,4.0488644026058206e-8,4.405518688426639e-8,4.495729832063628e-8,4.5069642676900375e-8,5.409224505497914e-8,5.887078448119972e-8,6.391542571571115e-8,5.823294462571447e-8,7.205164287231408e-8,7.528630312314251e-8,7.732495916050919e-8,6.906645385844904e-8,7.579841667346153e-8,8.058901669299978e-8,8.617469811633651e-8,7.988369054134825e-8,9.552934964036496e-8,9.675972430527489e-8,1.0115291538902475e-7,1.0653620358159108e-7,1.1014252012425739e-7,1.1756061528729093e-7,1.2012439200545705e-7,1.264132774119736e-7,1.309268560853708e-7,1.3349051664189883e-7,1.3874132826450585e-7,1.3615914368329622e-7,1.3598448906498456e-7,1.3570780079106154e-7,1.3770294971220002e-7,1.3600031029830855e-7,1.3791607169226933e-7,1.5958943370441168e-7,1.8064868619110955e-7,2.0591135225460995e-7,2.4593739005608703e-7,2.7841800921601326e-7,3.4536437568840237e-7,5.526957807780974e-7,8.409146094554194e-7,1.774564416247653e-6,0.3234625143044229,0.32346476070488206,0.3234655552277069,0.323466569143402,0.3234668826261347,0.32346731014695973,0.32346715095697787,0.3234674358075589,0.3234678636894748,0.3234679476236321,0.3234679634479611,0.3234679817564239,0.3234680093139988,0.3234680619061158,0.32346809893887823,0.323468049352699,0.3234680987906228,0.3234681193745879,0.32346812030897293,0.3234681399239973,0.3234681359395166,0.32346817978112913,0.32346816691555186,0.3234681795864161,0.32346818707988495,0.32346816772281284,0.323468162033012,0.32346816963770375,0.3234681520967929,0.3234681065048305,0.3234680737987134,0.3234680656249318,0.32346806679920187,0.323468099727082,0.32346812933103314,0.32346812973455763,0.3234681950277202,0.32346823405537284,0.32346826075895857,0.32346827915321325,0.32346828565598323,0.3234682855796678,0.32346829189491255,0.3234682987311472,0.32346830987784697,0.32346831534492254,0.3234683204506695,0.3234683036575336,0.323468278402767,0.3234682099656341,0.32346805585804234,0.32345904967705463,4.1762689339611577e-7,1.3927064180924183e-7,1.5318751973253838e-7,1.4366073932216277e-7,1.4051554998845816e-7,1.1811751971173344e-7,1.3260908872711907e-7,1.3109696816070122e-7,1.3073538596002021e-7,1.170937993892147e-7,1.4538541570943056e-7,1.6916277043767379e-7,2.407314895239301e-7,4.211591559323198e-7,8.57669457013116e-7,9.20860374134029e-7,9.347651692980759e-7,8.04161592495115e-7,7.608572887046483e-7,7.699782498617728e-7,3.350147675628216e-7,4.313642675596482e-7,1.851463266844183e-7,3.561824493626897e-7,1.730231900406682e-7,5.559645517121785e-8,4.203937142674059e-8,3.3013538171742473e-8,1.1402200466316042e-8,2.4545498366712048e-8,1.0466551640063479e-8,1.1025624673668919e-8,1.1484665536356753e-8,2.036834663412711e-8,2.446821545331215e-8,2.2797727582927584e-8,1.7103626177543342e-8,1.1282174436939379e-8,1.9301994898267447e-8,2.1102479043151534e-8,2.1599794070207426e-8,1.9235554728251705e-8,2.183026211650303e-8,2.0720581910593363e-8,1.9791026780978463e-8,1.641272919657282e-8,1.8301433651802393e-8,1.7609050579295436e-8,1.661240371792768e-8,1.4162961334230297e-8,1.5953631131130262e-8,1.573906680728872e-8,1.5541343117268145e-8,1.30556502224663e-8,1.499016225099207e-8,1.48866194904415e-8,1.4780420526221229e-8,1.2530767340788718e-8,1.4337768891181269e-8,1.4202070914795612e-8,1.4075559046837456e-8,1.196027254380573e-8,1.3805407171854638e-8,1.3450375956083865e-8,1.3250586199551679e-8,1.1374386573228972e-8,1.2996538257519568e-8,1.2905584938225517e-8,1.2628100928849594e-8,1.1224473853656084e-8,1.2421787682570567e-8,1.2359046477076074e-8,1.234351173923704e-8,1.072421474423315e-8,1.2066201574400995e-8,1.1985905544345553e-8,1.1968623096704046e-8,1.0457029519499962e-8,1.1755373093716686e-8,1.1696599393231433e-8,1.1706969427323817e-8,1.0271883693273629e-8,1.159826235321798e-8,1.1488916414336652e-8,1.1469954893837567e-8,1.0110802869733912e-8,1.141586011884313e-8,1.1404424949907693e-8,1.1309701857064879e-8,1.0114307107142798e-8,1.1221016464350493e-8,1.1216525755870392e-8,1.124076220866232e-8,9.796084551072178e-9,1.11110455556031e-8,1.1104872956320567e-8,1.113818972490519e-8,9.740275123989784e-9,1.1084430480814745e-8,1.1114179861489232e-8,1.1174502722899404e-8,9.74802455351167e-9,1.119098148529791e-8,1.116213547669634e-8,1.1207745197078995e-8,9.771405923782156e-9,1.124177897855982e-8,1.128878878569432e-8,1.1222099369263684e-8,1.0008724522855413e-8,1.1233321591154675e-8,1.1205146873881589e-8,1.1206854869093148e-8,9.643794641882999e-9,1.095858339589844e-8,1.0885992367730205e-8,1.0863269437076067e-8,9.49622251552015e-9,1.0617350291469504e-8,1.0560685478533073e-8,1.0549268989980709e-8,9.394220474033223e-9,9.306470646879262e-9,9.65260099345207e-9,9.473572996520598e-9,8.549902241572229e-9,9.234860666805177e-9,9.322888766101574e-9,9.251189107708473e-9,8.74297840316071e-9,9.364580559086072e-9,9.366963623317434e-9,9.425584897218673e-9,8.01985418354696e-9,9.188697444446408e-9,9.114536479796182e-9,9.100270647322645e-9,7.870635449480733e-9,8.377718605906123e-9,8.265166018336271e-9,8.46721741000967e-9,8.057327987819968e-9,8.312753072541925e-9,8.218278677461523e-9,8.843830181822842e-9,8.474270779926177e-9,8.866449577390236e-9,9.412949270386772e-9,9.619706844161451e-9,9.566902685520936e-9,9.751097818114344e-9,9.965137687521879e-9,1.081637518326367e-8,1.0864132761589455e-8,1.1451243320838583e-8,1.3007319127777707e-8,1.6439782474143048e-8,1.2652489979372148e-8,1.3079334655568536e-8,1.3441265066526692e-8,1.3511200989410324e-8,1.1517882812796329e-8,1.3186676817124714e-8,1.2437094364766044e-8,1.2831231254878764e-8,1.1395893484451955e-8,1.3600335766801037e-8,1.4104919302613645e-8,1.3431605382285637e-8,1.2650972107666209e-8,1.2149694675335777e-8,1.3674683104406591e-8,1.3890304334756816e-8,1.4204652727170551e-8,1.3796128244266267e-8,1.5689830853271248e-8,1.6204405615962367e-8,1.439481093249837e-8,1.6251391335441607e-8,1.701292998866654e-8,1.785688152324291e-8,1.6422214596901125e-8,1.9148253454388004e-8,1.8815391968789773e-8,1.934051515601904e-8,1.7797437818025464e-8,2.0652530662543023e-8,2.1381569942070167e-8,2.0936270847988403e-8,1.9632991346463542e-8,2.24893398462394e-8,2.3257952167808344e-8,2.4567636965166828e-8,2.1907025492743673e-8,2.4916938557074707e-8,2.5637717874145638e-8,2.696275095959951e-8,2.466662421363518e-8,2.7633457793579626e-8,2.861041843014214e-8,2.9674618347506255e-8,2.7773237294742028e-8,3.243836782352919e-8,3.167794820991477e-8,3.2575674152720585e-8,3.0966538282309094e-8,3.562578544783788e-8,3.665866008579906e-8,3.5852933362234426e-8,3.366333412391235e-8,3.791873800433312e-8,3.899981567397912e-8,3.9809926864187456e-8,3.57805932110057e-8,3.9934717829137324e-8,4.048126623194526e-8,4.131228957097512e-8,3.7305000729971044e-8,4.0821468985416984e-8,4.087374700559894e-8,4.1242987123502936e-8,3.676725551997749e-8,4.205669665623098e-8,3.972459863745419e-8,3.993922946799031e-8,3.560082970649156e-8,4.009285240166615e-8,3.9787649028849045e-8,3.746040012807393e-8,3.298079779138644e-8,3.690489086283003e-8,3.640233999797979e-8,3.6141850557754684e-8,3.057367267095389e-8,3.418212047484855e-8,3.4525226426460336e-8,3.525971631854317e-8,3.078076231565101e-8,3.425993281304857e-8,3.449210657274997e-8,3.507696451266845e-8,3.072660291363964e-8,3.6639312707048724e-8,3.598650803978802e-8,3.818749162130195e-8,3.7809690964484745e-8,4.358093627893923e-8,4.487088594680145e-8,4.463903736316783e-8,4.1744116764145854e-8,4.741724438187532e-8,4.8491917295006036e-8,4.92599232441448e-8,4.821429668246371e-8,4.919852928820398e-8,4.883515575449373e-8,4.8189590251802624e-8,4.7651980389172294e-8,4.47094420624856e-8,4.3778183996514356e-8,4.352834614027999e-8,3.93770422958804e-8,4.393341587319766e-8,4.1672327710669986e-8,4.052737240789556e-8,3.585302344116624e-8,3.961751314379541e-8,4.0174338866947534e-8,3.91045072932019e-8,3.421980560179106e-8,4.002205398192811e-8,4.0272154378803624e-8,4.153285835405811e-8,3.606554217896665e-8,4.319636021115227e-8,4.4219358415337545e-8,4.503983834814071e-8,3.726672605639119e-8,4.1963942467092036e-8,4.2079427499204905e-8,4.194773283197252e-8,3.6836191650305235e-8,3.82775783486206e-8,2.905650532076937e-8,2.985766964151531e-8,2.75017790682421e-8,2.791926725480376e-8,2.75095141687109e-8,2.417934506148777e-8,2.5379756363251358e-8,2.7697564096990918e-8,2.70988750569242e-8,2.6532587841101818e-8,2.2380849410336107e-8,2.381138383854718e-8,2.2486296023588116e-8,2.1321857572878407e-8,1.829394300467058e-8,1.9176116221534912e-8,1.8491629306229895e-8,1.8015772775006464e-8,1.6174741917048348e-8,1.7026894507078167e-8,1.667229688132157e-8,1.6446972835391557e-8,1.4648015332105361e-8,1.60759457988178e-8,1.595471424513693e-8,1.5912303779565527e-8,1.4515701213652331e-8,1.571605167119861e-8,1.5554176020113328e-8,1.541950719699948e-8,1.3191292745896955e-8,1.5021203462277407e-8,1.4978386608323403e-8,1.495325001168475e-8,1.3045007353033281e-8,1.4884159216846937e-8,1.48347928161062e-8,1.4821145159293629e-8,1.3296083142917059e-8,1.4832908277307018e-8,1.4656914823295235e-8,1.4486280439056565e-8,1.3235037816663707e-8,1.4169496568453832e-8,1.3938729855258983e-8,1.3461773327431785e-8,1.2181170188143084e-8,1.3151397435126225e-8,1.3018184209359122e-8,1.2879203774399552e-8,1.142062478888024e-8,1.2848213973152118e-8,1.3007415527361391e-8,1.3035798700869557e-8,1.1352536066045114e-8,1.2757792532433463e-8,1.2593279362823021e-8,1.2474065447384281e-8,1.0968770458179676e-8,1.2368081073035384e-8,1.207254572917786e-8,1.2018321278409756e-8,9.666194342259676e-9,1.0359286620174168e-8,1.0655169726983804e-8,9.499085332479537e-9,5.964501749603218e-9,7.212837631963203e-9,7.203226782386181e-9,7.195012608215606e-9,5.909068862294883e-9,7.146701975292716e-9,7.1467139239943846e-9,7.143440797875522e-9,5.880816182539859e-9,7.112326922864239e-9,7.067403615402193e-9,7.06518165590348e-9,5.8344620250242595e-9,7.03858663338533e-9,7.031893042389491e-9,6.9898999400110914e-9,5.793305984865196e-9,6.978165208146719e-9,6.986247968674586e-9,6.979051163876054e-9,5.754603735172114e-9,6.916009598578434e-9,6.913753085768636e-9,6.909003751286724e-9,5.689135327482344e-9,6.846947126260954e-9,6.856880446288802e-9,6.857189589207276e-9,5.661632000877771e-9,6.848476893283885e-9,6.807758772759749e-9,6.808680384045316e-9,5.631976513630229e-9,6.797131022600098e-9,6.805282617734532e-9,6.744102124316844e-9,5.5977869261171705e-9,6.7355251102632955e-9,6.742107156682655e-9,6.735124962784404e-9,5.558425595934033e-9,6.644910354030369e-9,6.655427550017581e-9,6.660057262527603e-9,5.497359221787044e-9,6.567430162019605e-9,6.572819674933682e-9,6.5732795271780366e-9,5.457862029554309e-9,6.566833762658801e-9,6.47431674893761e-9,6.464380505343833e-9,5.3823990240555815e-9,6.4101160030285545e-9,6.39663046285589e-9,6.276654611828567e-9,5.236860162863783e-9,6.2688556279536854e-9,6.407629839524289e-9,6.422521163386923e-9,5.266380773860854e-9,5.029842551803986e-9,5.494340486514101e-9,5.514759697436949e-9,5.525242169527418e-9,6.324656494861574e-9,6.298353216416727e-9,6.1911328576569735e-9,5.624035927210625e-9,6.24037868573287e-9,6.159162551807744e-9,6.227316440142979e-9,5.6684166873107305e-9,6.345894415078573e-9,6.398664448550192e-9,6.326059062646183e-9,5.8040764564468296e-9,6.360421188556916e-9,6.377236591928994e-9,6.489068068059889e-9,5.543015702862907e-9,6.448332221645787e-9,6.508736439632107e-9,6.6164814166533005e-9,5.728428555538472e-9,6.687999604087303e-9,6.819278322087669e-9,7.00464347121753e-9,5.97727575450517e-9,7.325995788263489e-9,7.233939888241693e-9,7.366160751494676e-9,6.184331910529343e-9,7.57822216118169e-9,7.669399993571949e-9,7.494207516279387e-9,6.380290440447744e-9,7.780534073915313e-9,7.872970127020881e-9,8.008086008350027e-9,6.607478174951364e-9,7.938049891884742e-9,7.981380433902169e-9,8.13700946161189e-9,6.803186166649851e-9,7.980990541710729e-9,8.040166895159147e-9,8.112580747833697e-9,7.051773061273192e-9,8.360976867522206e-9,7.98407436638236e-9,8.097086587762343e-9,7.280472041758962e-9,8.426291583543605e-9,8.569863068638067e-9,8.281261041289452e-9,7.487049531601236e-9,8.642517802729155e-9,8.788297259169493e-9,8.936352536489254e-9,7.756314745640926e-9,8.917036243792252e-9,8.991055686407011e-9,9.107186467234411e-9,7.986543358509023e-9,8.882054052180678e-9,8.992292118007293e-9,9.098116726201496e-9,8.186692728505346e-9,9.418019771553628e-9,8.900029374188613e-9,9.00240141072563e-9,8.296685469272216e-9,9.381581666106129e-9,9.569583600765738e-9,9.201246872046341e-9,8.5608871772926e-9,9.653237532472388e-9,9.810112862221228e-9,9.955378198283931e-9,8.795173110115478e-9,9.916411852773438e-9,1.0026502832496042e-8,1.0152625554148755e-8,9.082079174663792e-9,9.995955459134306e-9,1.0146590419346646e-8,1.0311421371898205e-8,9.344731174527232e-9,1.075810413480882e-8,1.0339889975652963e-8,1.047219918166633e-8,9.49674839761047e-9,1.0949498085290243e-8,1.1283969869706425e-8,1.1188192273406435e-8,1.0450112131790096e-8,1.2202671043497141e-8,1.2524782583562477e-8,1.293697486144792e-8,1.1542616318122384e-8,1.3278038088029501e-8,1.358093334680419e-8,1.4274395618210566e-8,1.3205264449483582e-8,1.516482224838179e-8,1.5935785614292314e-8,1.6663833403072386e-8,1.5591245505966015e-8,1.8640151804033633e-8,1.900332982347829e-8,1.992994911287341e-8,1.8621541817861423e-8,2.2186445680831773e-8,2.3630584619691615e-8,2.3724250264200563e-8,2.206918846283431e-8,2.6265005054808804e-8,2.7761930347989237e-8,2.8951327341829987e-8,2.610642087002672e-8,3.299710180805006e-8,3.751233492100695e-8,4.474356190034822e-8,4.517915994708509e-8,5.9139689602494915e-8,6.818079277436835e-8,7.493185314126484e-8,7.408215785944532e-8,9.867482723091525e-8,1.067279596916273e-7,1.1770554318753446e-7,1.2585844213431934e-7,1.352865057489882e-7,1.379846674234057e-7,1.3897007384637677e-7,1.2031236162459914e-7,1.3203454421995822e-7,1.3286672439791125e-7,1.1737454866080384e-7,9.692243508067239e-8,8.577804398606206e-8,7.591027966954929e-8,5.9240143139550063e-8,5.007347687704005e-8,4.4299599653473075e-8,4.4663126523919896e-8,4.494857006407627e-8,4.5241855196334845e-8,4.361470229496133e-8,4.074522558044241e-8,4.0895040803414684e-8,4.061615935807329e-8,3.71987549794114e-8,3.2196282188633804e-8,3.155026731568924e-8,3.25551535909488e-8,2.468677282279137e-8,1.8584630139503794e-8,1.5213354345369117e-8,1.2592392035826463e-8,1.124027189325351e-8,8.8308762339417e-9,8.574845967762596e-9,8.508096704019527e-9,8.161139386325114e-9,8.123262357235964e-9,8.317530434816842e-9,7.704076973557483e-9,8.294317378014004e-9,8.146780090638667e-9,8.185433564960298e-9,7.520456681550718e-9,8.271711922171023e-9,8.329557892300196e-9,8.452308487286205e-9,7.841597883565636e-9,8.572235929774976e-9,8.663651745607219e-9,8.766036345148304e-9,7.78203680478014e-9,8.90579028298044e-9,8.966635941312932e-9,9.055688373372934e-9,7.873068160545893e-9,9.100801222374763e-9,9.158127380707029e-9,9.22244015666404e-9,7.993497809627399e-9,9.230769335769976e-9,9.141098878271683e-9,9.177245953714688e-9,8.04769739188084e-9,9.235026250368981e-9,9.256921345433154e-9,9.180589214720337e-9,8.153001735954617e-9,9.156839557896585e-9,9.098973556584462e-9,8.992874825945117e-9,7.749277216727238e-9,8.708719155718739e-9,8.729830699513385e-9,8.74770246135848e-9,7.61067421003932e-9,8.482244086605292e-9,8.389925938256318e-9,8.337381613952833e-9,7.498305057776106e-9,8.178498288361328e-9,7.97948804453642e-9,7.882800332252011e-9,6.9671660742914305e-9,7.712509651721954e-9,7.608973613455825e-9,7.388577535734042e-9,6.550650324536008e-9,7.2954661924120736e-9,7.283906526386624e-9,7.265174889989315e-9,6.171354391329375e-9,7.123238414864545e-9,7.08413700346702e-9,5.922280939941381e-9,5.26525592352587e-9,5.522104449442054e-9,5.538949913465939e-9,5.073891998813523e-9,5.479278012244771e-9,6.785502318600305e-9,6.594666667126693e-9,6.619831669761038e-9,5.519848824013939e-9,6.593355970499718e-9,6.5958927546896026e-9,6.5399962975784914e-9,5.4368121070500775e-9,6.561962809401021e-9,6.586636637667062e-9,6.5987364277918545e-9,5.423894335871649e-9,6.539960714779451e-9,6.557237587516705e-9,6.570987857073901e-9,5.383924612713893e-9,6.512113074668694e-9,6.532674227509119e-9,6.546963092876632e-9,5.3795294558300655e-9,6.54146948965693e-9,6.49915082354754e-9,6.505967569020361e-9,5.359718018592518e-9,6.498089103329615e-9,6.5124684675096156e-9,6.453216222252473e-9,5.33965979711611e-9,6.4391744399628705e-9,6.458989359960483e-9,6.4670932343180585e-9,5.3105753023573546e-9,6.365473925072415e-9,6.3811129329279416e-9,6.395176474117049e-9,5.258799686485465e-9,6.320863670008514e-9,6.338964528928528e-9,6.357811007987492e-9,5.2499343572585666e-9,6.352101684285786e-9,6.295450581765099e-9,6.320982011327196e-9,5.371857028708545e-9,6.771475163679256e-9,6.831675812571372e-9,5.864674694178538e-9,5.251801144411025e-9,6.1811941424262374e-9,5.936162938613909e-9,5.557452665613581e-9,5.855311065815686e-9,4.953291366421322e-9,4.898872456003624e-9,4.8519756473511144e-9,5.570655084263203e-9,4.978729579760033e-9,4.812669111716919e-9,4.8396390767733745e-9,5.502806844353923e-9,5.686208989145682e-9,5.513278799529444e-9,4.801373352503057e-9,5.5699955747235325e-9,4.800973997869923e-9,4.7929021548032704e-9,4.749136224679737e-9,5.52804618916486e-9,4.7493907326666186e-9,4.796036545777511e-9,4.831622770154575e-9,4.778420951283262e-9,4.765283416566343e-9,4.8029487929947954e-9,4.8312943154097196e-9,5.188318494794533e-9,4.91603254035926e-9,5.017499430471116e-9,5.112275677072349e-9,5.812430669292519e-9,5.745836783190856e-9,5.373829622948145e-9,6.196648262882248e-9,5.778869899228512e-9,5.327119390783885e-9,5.330579493659308e-9,5.107032327751557e-9,5.1902952909351555e-9,5.3504728007039325e-9,5.26323069476856e-9,5.396171117747912e-9,5.196226690179328e-9,5.475957664293727e-9,5.607234734155729e-9,6.923875639364016e-9,6.1037041974248226e-9,6.7891759470042424e-9,6.971880896856669e-9,7.1600258205553895e-9,6.200145798317223e-9,7.434428342894375e-9,7.270149614240288e-9,7.505372369362054e-9,6.330092857735323e-9,7.906318377834134e-9,8.123989860277745e-9,8.039637539982345e-9,6.864157606498286e-9,8.441774774991706e-9,8.630419953353608e-9,8.882070150548462e-9,7.311290435070982e-9,8.98546305738435e-9,9.247398815684408e-9,9.285828503380013e-9,7.59031488191457e-9,8.911791060788651e-9,8.888605964125777e-9,8.908356568616e-9,7.4123782588248205e-9,9.258452115184203e-9,9.10278747667166e-9,9.437465680948406e-9,8.135734410052467e-9,1.004869574065783e-8,1.0359013469330282e-8,9.976650645658352e-9,8.782965106496007e-9,1.0074535442465138e-8,1.0104312043389953e-8,1.0224112668533395e-8,8.491113383404973e-9,1.0012959383769832e-8,1.0122149051647237e-8,1.0324604628698725e-8,8.798042463610297e-9,1.0228547130283003e-8,1.0303702677097697e-8,1.0290546169429273e-8,8.689595261056264e-9,1.0204997245010143e-8,9.36565290167742e-9,9.231623462744103e-9,8.363315268561154e-9,9.531477272789984e-9,9.73534669876369e-9,9.33391725246844e-9,8.583963425931364e-9,9.8186359516109e-9,1.0000538939210447e-8,1.0169301404278309e-8,8.727756569749213e-9,1.0127721592273328e-8,1.019537928514457e-8,1.0244590576204228e-8,8.821775645948335e-9,9.886867284394402e-9,9.904678894211154e-9,9.946713851802132e-9,8.704657961783545e-9,1.0088369775386814e-8,9.516352625500038e-9,9.523371997438728e-9,8.454874352642039e-9,9.696815420394285e-9,9.771832508617805e-9,9.341961185697557e-9,8.42946731472948e-9,9.816235580065065e-9,1.0032381048818986e-8,1.027540549774263e-8,8.81693805650377e-9,1.0423631368092859e-8,1.0529623403149267e-8,1.0383868216068041e-8,8.751749568508878e-9,9.744853220662173e-9,9.649614255200667e-9,9.558384546293731e-9,8.342129041213701e-9,9.551080474594408e-9,9.003622754088126e-9,8.990686419506841e-9,8.95479236784082e-9,8.85511341721e-9,8.749549872142336e-9,8.140955509279998e-9,8.046978967654177e-9,7.950389455561947e-9,7.905865673150344e-9,7.905537773204304e-9,7.709963160338631e-9,7.71275355816177e-9,7.697871658649361e-9,7.683756984571546e-9,7.73751788923522e-9,7.612459407475046e-9,7.651712583332363e-9,7.651831954975471e-9,7.614767751384229e-9,7.645060749273732e-9,7.527116129639776e-9,7.49619507305956e-9,7.543167106361633e-9,7.389827337790792e-9,7.41589096933329e-9,7.149609466205016e-9,7.455884874589207e-9,7.663831019180261e-9,7.841121697228476e-9,8.168907079812464e-9,8.03679998205048e-9,8.277488575134531e-9,8.544889189018475e-9,8.857570181297535e-9,9.059847592572557e-9,8.790231447915764e-9,8.907371502801986e-9,8.931924120149446e-9,8.95868865577277e-9,8.793397590219804e-9,7.41857769755603e-9,7.290673992846766e-9,7.283977008150858e-9,7.3435212914505465e-9,6.788663123356274e-9,6.3374049540201656e-9,6.522324090300956e-9,7.3940497809902506e-9,7.508849808751576e-9,7.681727705942144e-9,6.53168042674143e-9,7.528901863494547e-9,7.61939633976413e-9,7.742380774719989e-9,6.6788244050934854e-9,7.704096903638271e-9,7.731724704541135e-9,7.775357988152181e-9,6.692530118046702e-9,7.826346216760954e-9,7.707408326428768e-9,7.800106442689036e-9,6.682318451953087e-9,7.861482049613812e-9,7.885016765324325e-9,7.831846805968263e-9,6.736903060404793e-9,7.815395021423585e-9,7.788556528649244e-9,7.774862130619272e-9,6.613818079973253e-9,7.588598438495163e-9,7.59169709702621e-9,7.610431446370895e-9,6.511775932744062e-9,7.485081292252474e-9,7.487040596194743e-9,7.507428003298101e-9,6.4344812226996106e-9,7.501532321425551e-9,7.390239152853349e-9,7.427859988700037e-9,6.383995539914242e-9,7.384898945765788e-9,7.383468161303602e-9,7.305970027649941e-9,6.4675853367363505e-9,7.2793318102249864e-9,7.268268714341223e-9,7.281469830765562e-9,6.308583654119362e-9,7.177610022493785e-9,7.183971486111483e-9,7.210716761037432e-9,6.257785880947819e-9,7.0886342446206855e-9,7.0957780972836976e-9,7.129947894185716e-9,6.216782156825211e-9,7.1548304530570825e-9,7.0685509754944214e-9,7.1271407266090405e-9,6.234279585001326e-9,7.160076632781453e-9,7.186215665030819e-9,7.14268059481047e-9,6.416367584753371e-9,7.195403429217461e-9,7.223851575336718e-9,7.286433965086815e-9,6.358128850316845e-9,7.270498527830566e-9,7.323161520257318e-9,7.400367565063808e-9,6.438280185648889e-9,7.355523723898244e-9,7.3936578294994874e-9,7.4163728198477916e-9,6.4170672738969696e-9,7.3903118762001895e-9,7.284212648760412e-9,7.289743716312755e-9,6.319777334165724e-9,7.271356264472782e-9,7.265804801769683e-9,7.1951803049750584e-9,6.411529840914329e-9,7.1748503305186e-9,7.1650870361915204e-9,7.179836155231028e-9,6.221385417845019e-9,7.077442820901681e-9,7.052583463700856e-9,7.0467955164871914e-9,6.093884179147519e-9,6.9046001122660805e-9,6.862279303774336e-9,6.835407343906673e-9,5.920719681006496e-9,6.752434809020222e-9,6.65355912962654e-9,6.629633988426623e-9,5.753082974501066e-9,6.585727339208498e-9,6.572661362506371e-9,6.488696263189166e-9,5.792023380285628e-9,6.473472814072077e-9,6.489457660946055e-9,6.517574203822149e-9,5.640066590621091e-9,6.49641118527459e-9,6.56915260058775e-9,6.559853432434225e-9,5.686846623991233e-9,6.281422310523469e-9,6.17070320495224e-9,6.011824575142175e-9,5.33020704610667e-9,6.116655408127293e-9,4.9044237042044605e-9,4.7822717981508295e-9,4.764179752962108e-9,4.815156873055391e-9,4.8378092717516006e-9,4.79035007745314e-9,4.95670168532051e-9,4.944756322569687e-9,5.032176099921893e-9,6.133300207677661e-9,5.117916358894403e-9,6.090717473086536e-9,6.236063694180511e-9,6.4128099045343955e-9,5.588572072665478e-9,6.398261169441491e-9,6.4066671010967824e-9,6.4318379834065755e-9,5.591379358175575e-9,6.465297886125752e-9,6.3603760131716645e-9,6.393161626654115e-9,5.194761722734718e-9,6.426286572167428e-9,6.44067487250448e-9,6.37321693067642e-9,5.239534524938664e-9,6.5139486098786555e-9,6.5853574884988135e-9,6.667473536292182e-9,5.512825308404385e-9,6.69997169653566e-9,6.6774859636786766e-9,6.654848268965671e-9,5.465281201730202e-9,6.2788171453269324e-9,6.117170374894753e-9,5.8997354766921695e-9,5.032626917861306e-9,5.929955879749361e-9,5.736503040229028e-9,5.9666405120137935e-9,5.423992205776436e-9,5.946365437674654e-9,5.976311785932811e-9,5.99808331001701e-9,5.395665739338836e-9,5.990551887066707e-9,6.029882701522777e-9,6.1851007012253335e-9,5.756847706805206e-9,6.247152739236135e-9,6.24083069231199e-9,6.308457983110277e-9,7.006021227168785e-9,1.4569330954265375e-8,1.0635646670500501e-8,1.0250466155248988e-8,1.0582234825215774e-8,1.0291177390201623e-8,9.457762630004855e-9,9.707037225137996e-9,8.133610910595358e-9,8.122230363768457e-9,8.116360068670713e-9,7.995625099932236e-9,7.920255052056371e-9,6.938096103474683e-9,6.3275418519600334e-9,7.359276574582684e-9,5.841527809452623e-9,6.550706729820871e-9,6.450335853451803e-9,6.575867724572621e-9,6.869213068200633e-9,6.711869494930219e-9,6.8110939833352545e-9,6.849986192645723e-9,6.787229480378432e-9,7.635524840254545e-9,7.325940990623559e-9,7.589084244841252e-9,6.893789020885249e-9,7.820365606344587e-9,7.976243699317531e-9,7.775870730581795e-9,7.102468533663763e-9,8.006690668928521e-9,8.107671626153668e-9,8.353974101316703e-9,7.367667267386876e-9,8.344337162944448e-9,8.583077187047288e-9,8.899036589085192e-9,8.109049606226788e-9,9.197244746045591e-9,9.386102106063168e-9,9.487614644847013e-9,8.26780573768693e-9,9.228799858835994e-9,8.62329838123708e-9,8.49852338081908e-9,8.513385468093224e-9,8.293943385865978e-9,8.458853132984038e-9,8.261631054390377e-9,8.369602760471703e-9,8.459627169736197e-9,8.56447978867411e-9,8.83830269812012e-9,8.731145664512594e-9,8.986889630797078e-9,9.05626155190432e-9,8.933645438234252e-9,9.075761337321692e-9,8.580628338127936e-9,8.556843744690132e-9,8.519820892833286e-9,8.535122157168283e-9,8.513897390499672e-9,8.24459998519996e-9,8.16816524900091e-9,8.067971856894916e-9,7.954164574769649e-9,7.869128374684219e-9,7.682919131205646e-9,7.5563702527655e-9,7.4285148051579566e-9,7.3117156208801446e-9,7.214467181491734e-9,7.115015331306286e-9,7.014194092624631e-9,6.9253090105711e-9,6.82815675131724e-9,6.818606930199914e-9,6.79113564160778e-9,6.824947395068058e-9,6.84801756201652e-9,6.857558093628147e-9,6.939589283439068e-9,6.96705187573562e-9,7.033883762897923e-9,7.091420337935949e-9,7.140258682480362e-9,7.1568862039426465e-9,7.179122529106013e-9,7.2566305887384684e-9,7.38068824835993e-9,7.453931107734526e-9,7.52897580236587e-9,7.3749760699758324e-9,7.595342526316953e-9,7.829453726360793e-9,8.074197908853304e-9,8.313393075680087e-9,8.058190424500188e-9,8.207706461733246e-9,8.51714931645099e-9,8.86878995529469e-9,9.110221713315379e-9,8.891128003897856e-9,8.998762351285915e-9,7.92045739260942e-9,9.074249913445107e-9,9.022049914826867e-9,8.704063359737354e-9,7.581931880921686e-9,8.214905507550787e-9,7.197350454134098e-9,7.314103928134234e-9,6.512122136101055e-9,6.6466797111792785e-9,6.363302766732251e-9,6.227888899069237e-9,6.510228594978016e-9,7.438661481281112e-9,7.580234531399514e-9,7.77192493779104e-9,6.852864926285883e-9,7.994781670478665e-9,8.001338815807862e-9,8.13853047499898e-9,7.087944070946857e-9,8.18922630136633e-9,8.221620688923238e-9,8.211988752618645e-9,7.336186126058287e-9,8.230226809417171e-9,8.267127722275381e-9,8.331822929438238e-9,7.288149502960073e-9,8.303798637029115e-9,8.324990130560438e-9,8.369057396779356e-9,7.3094097060831816e-9,8.231585054453965e-9,8.203188206383478e-9,8.199108895164131e-9,7.165239649670747e-9,8.084884100030522e-9,7.944674202121548e-9,7.924844835512002e-9,6.978215015862936e-9,7.855029442880799e-9,7.828283445129135e-9,7.703582349602617e-9,6.93018916539732e-9,7.6467056498426e-9,7.643076351043744e-9,7.667035092762022e-9,6.741364607575422e-9,7.532486443837431e-9,7.52557100033888e-9,7.550811852876393e-9,6.568303283579474e-9,7.487701714138723e-9,7.495208637487393e-9,7.559646974322533e-9,6.512809622757892e-9,7.651198195377543e-9,7.571876482904893e-9,7.633325450955537e-9,6.488678971173424e-9,7.61043012161202e-9,7.60623097194017e-9,7.510105080549843e-9,6.463501584507151e-9,7.468697594511055e-9,7.447613527042937e-9,7.452895181094832e-9,6.389633160500121e-9,7.3082844045710676e-9,7.255459332243813e-9,7.211161943287205e-9,6.266512680120621e-9,7.009784514022773e-9,6.950432392535479e-9,6.9295288055519355e-9,6.082086047243076e-9,6.822551789362281e-9,6.722772919897794e-9,6.698973741480584e-9,5.932425549396764e-9,6.638270306755721e-9,6.6346195714843305e-9,6.596959203566976e-9,5.969503960665392e-9,6.636498048175304e-9,6.70254578783413e-9,6.796124598525086e-9,5.998218065217479e-9,6.888271622200187e-9,6.9680189745017765e-9,7.065115497504528e-9,6.206893154042996e-9,7.093910108789065e-9,7.147921907419948e-9,7.210683698926488e-9,6.2700410587540705e-9,7.2364168318162465e-9,7.13905661032786e-9,7.151829980867609e-9,6.212580127058076e-9,7.116428378403844e-9,7.097394594888719e-9,6.9781088158486974e-9,6.203550401113295e-9,6.899134460642064e-9,6.858596635743347e-9,6.831940051461171e-9,5.870560601258056e-9,6.675990683238305e-9,6.638442328246802e-9,6.619543351140745e-9,5.7055435530340365e-9,6.480680082735913e-9,6.451663986328146e-9,6.4363329947913735e-9,5.566860278542025e-9,6.355903419411899e-9,6.251750419799855e-9,6.240008339447685e-9,5.445552775798147e-9,6.194912497799842e-9,6.183753979419513e-9,6.087100665979348e-9,5.471954853555756e-9,6.012513368817421e-9,5.992885191802214e-9,5.975606934472172e-9,5.180140466475121e-9,5.78126589679817e-9,5.763979570350278e-9,5.761888514384338e-9,5.20365429118633e-9,5.120404747059437e-9,4.985282472982324e-9,5.494144715905294e-9,5.1218913096952785e-9,5.474817398332347e-9,5.366223155554191e-9,5.614107805707607e-9,5.192960108442217e-9,5.654179774265627e-9,5.65549561676161e-9,5.479273252664254e-9,5.127809813520533e-9,5.47024133722274e-9,5.422926326679187e-9,5.362943831359512e-9,4.711751329097746e-9,4.83219243792789e-9,4.8529566421276716e-9,4.723005451810434e-9,5.026226776704703e-9,4.877275843894185e-9,5.20906053223013e-9,5.571044399613672e-9,5.29536718487537e-9,5.229490643358859e-9,5.150335453136878e-9,4.962820446532715e-9,4.946298117248847e-9,5.38995174243515e-9,5.218642563352018e-9,5.314085753724573e-9,5.872855813697028e-9,6.256636164644338e-9,6.380623089167615e-9,6.7363302281026235e-9,9.82412828185663e-9,1.1019820452547272e-8,1.1246453132336152e-8,1.1443521162992557e-8,1.1658165054754301e-8,1.1639670984086218e-8,1.1850611314249726e-8,1.834898190326037e-8,1.8692317906081445e-8,1.421369922181991e-8,8.495606794330133e-9,8.385281120179512e-9,8.543182678213632e-9,8.55922745336008e-9,7.371886531867335e-9,6.69166516872097e-9,5.372442907606623e-9,5.4506972634694275e-9,6.788433354009473e-9,7.007019040291513e-9,6.327230782722937e-9,6.435321418883092e-9,6.434264182016049e-9,5.829214859974136e-9,6.4220277973333105e-9,5.800307886238876e-9,5.894088695922436e-9,6.3463056701932275e-9,6.056480934063163e-9,6.4653730059191706e-9,6.439099110269853e-9,6.48434425598128e-9,6.628194144092296e-9,6.534795052247786e-9,6.614350825961924e-9,6.492087322193037e-9,6.7625012190124045e-9,6.662240591377285e-9,6.751185682268343e-9,6.897603632845882e-9,6.9411621838413555e-9,6.90737857815572e-9,6.980793605096968e-9,6.966563991614877e-9,7.219203648535549e-9,6.839275881600684e-9,6.910322364057165e-9,6.929438941336672e-9,7.020875856348068e-9,7.898946427251634e-9,7.540651651363374e-9,7.76463865369422e-9,7.111736665078554e-9,7.95341019377579e-9,8.0526327137256e-9,7.87248689617583e-9,7.287854999085734e-9,8.159955467824202e-9,8.243167497362991e-9,8.357988750001947e-9,7.53992487248004e-9,8.38150273159992e-9,8.582642554153291e-9,8.814259023337311e-9,7.879144352299538e-9,8.96492421618047e-9,9.168021398108938e-9,9.26621210601362e-9,8.102476326100122e-9,9.412153632277977e-9,8.82182906230561e-9,8.881654765220025e-9,8.052225264253407e-9,9.127843968081208e-9,9.239881142608466e-9,9.008964595591791e-9,8.191057036273917e-9,9.325653877984031e-9,9.429489562889677e-9,9.541180095121696e-9,9.290877802231554e-9,9.334197402902967e-9,9.200145910876222e-9,8.998297449151061e-9,8.811429586798583e-9,8.226614205616523e-9,8.049456513153596e-9,7.905814085771354e-9,7.79418452530505e-9,7.775378711711524e-9,7.472576496584605e-9,7.466345882951665e-9,7.437170494721622e-9,7.428515804891208e-9,7.529128457792266e-9,7.3816490043366e-9,7.459681451992083e-9,7.487226341530375e-9,7.531283467826384e-9,7.685251001406466e-9,7.593292170499018e-9,7.687340996617361e-9,7.754554805960656e-9,7.839522977355598e-9,8.090346162488044e-9,8.15144328004544e-9,8.285359903575526e-9,8.452011714463512e-9,8.644612938325923e-9,8.88211721507105e-9,8.854544491602139e-9,9.043997937383967e-9,9.2442926399056e-9,9.517495872036265e-9,9.807527794052599e-9,9.619014917816545e-9,9.991761473504584e-9,1.0384774143757931e-8,1.0954132757285157e-8,1.1445796047379734e-8,1.1264775797876832e-8,1.162694795497942e-8,1.1902801906385817e-8,1.218533078127975e-8,1.2204804171521187e-8,1.1437757613372005e-8,9.238684070783178e-9,8.915989252276665e-9,8.077774203824503e-9,8.289292238415428e-9,7.250405708388391e-9,6.753873717734608e-9,6.967499045884776e-9,7.999470582295336e-9,8.16937803037196e-9,7.982096688240871e-9,7.3917566409734845e-9,8.192874976343398e-9,8.255614332978257e-9,8.352267912826607e-9,7.296451240590872e-9,8.376423070830112e-9,8.428482173102584e-9,8.516958190634502e-9,7.308282240125061e-9,8.445286903833169e-9,8.493709620374211e-9,8.55951252442905e-9,7.341095573035826e-9,8.621819336348678e-9,8.528109072467095e-9,8.59677982630074e-9,7.330313089476129e-9,8.538589530740208e-9,8.497536882669452e-9,8.385825253393432e-9,7.378878735288791e-9,8.29392038474813e-9,8.25268564815909e-9,8.231476902260115e-9,6.988589125635284e-9,7.992475821569003e-9,7.947449492336768e-9,7.93161623914824e-9,6.755639935157226e-9,7.738547455311859e-9,7.731609226801762e-9,7.751931349007768e-9,6.616207017466234e-9,7.753750262330709e-9,7.631946564499338e-9,7.669868311369193e-9,6.523634134739912e-9,7.616195216085332e-9,7.592635514479555e-9,7.493556969522658e-9,6.434020379097758e-9,7.441354488693299e-9,7.417524843462147e-9,7.4167734736204196e-9,6.348329582751786e-9,7.277160702339658e-9,7.2881295029631185e-9,7.321440793087076e-9,6.258983125954133e-9,7.215879295904817e-9,7.224146156098414e-9,7.244421344355428e-9,6.129911978014665e-9,7.269099203729705e-9,7.128442388898923e-9,7.201671744432286e-9,6.126870965828899e-9,7.498802603107833e-9,7.557126585775597e-9,7.524238302581957e-9,7.565768194832252e-9,7.589694187933105e-9,7.62212481320509e-9,7.655330313760403e-9,7.611498327532319e-9,7.636812584310093e-9,7.62707619960754e-9,7.623915404116807e-9,7.634578007564355e-9,7.537055648454943e-9,7.519026814624859e-9,7.507088909538766e-9,7.505700738315127e-9,7.493855139002816e-9,7.366389903417791e-9,7.372023723949528e-9,7.381967646310993e-9,7.383656145589207e-9,7.394499704383101e-9,7.280536786179827e-9,7.307376946999506e-9,7.322670624438177e-9,7.33903851392823e-9,7.3555923220588346e-9,7.238751343313392e-9,7.245510414941658e-9,7.269303027293729e-9,7.2966745375870055e-9,7.322957691893865e-9,7.187565053297938e-9,7.213630529703894e-9,7.23967658972823e-9,7.284184448629766e-9,7.307605028986447e-9,7.199549211511957e-9,7.234362144493948e-9,7.2775591501967896e-9,7.304817780024367e-9,7.340056709613154e-9,7.236082165396397e-9,7.271903409208444e-9,7.298983920037391e-9,7.336299032494496e-9,7.372608543131164e-9,7.2923595350990705e-9,7.3293682447720975e-9,7.362922343501314e-9,7.393711775632952e-9,7.423070544133157e-9,7.293860559639764e-9,7.301658156330811e-9,7.3083895682843254e-9,7.3501360977784344e-9,7.35843917522199e-9,7.173027216101767e-9,7.1691495969359204e-9,7.168501383247847e-9,6.246252200893191e-9,6.020874299652794e-9,5.891572061080605e-9,6.836286606827105e-9,6.935964064966878e-9,6.988380252574241e-9,7.058513248585124e-9,6.893551236470871e-9,6.93682186509215e-9,7.001523137139181e-9,7.090295031824147e-9,7.215571667327725e-9,6.965694762639454e-9,6.979211007074813e-9,6.958129595973407e-9,5.7490817041658705e-9,6.930025113765896e-9,6.5308741689673585e-9,6.686566023584123e-9,5.701085432985051e-9,7.079358310548533e-9,7.225265730382406e-9,7.026258249478792e-9,6.3337741517374935e-9,7.378229565026268e-9,7.477262504169974e-9,7.638186075844124e-9,6.289379933473848e-9,7.628783985456083e-9,7.730126878107995e-9,7.805466477989557e-9,6.386951723507943e-9,7.557493479888767e-9,7.568276931587714e-9,7.6135310669044e-9,6.317099452667857e-9,7.805125323964256e-9,7.47002702714606e-9,7.582967013164595e-9,6.455050592267018e-9,7.909379800520514e-9,8.027111212921511e-9,7.895133204401246e-9,6.9689041594070514e-9,8.503000415070647e-9,8.755848090355988e-9,9.079316132179665e-9,7.70694931959853e-9,9.175935423799731e-9,9.159213120192936e-9,9.113118950305848e-9,7.614842088951545e-9,8.7075116489227e-9,8.648841563755817e-9,8.708418239404805e-9,7.607013724949027e-9,9.100791070787846e-9,8.715262750142886e-9,8.855086461050282e-9,7.731061822682242e-9,9.115338442815012e-9,9.143708548781463e-9,8.74292012705872e-9,7.844205983872445e-9,8.970920529140434e-9,9.029642249541565e-9,9.068297683224527e-9,7.884992365782203e-9,8.839194693108781e-9,8.875542832837245e-9,8.916599746072702e-9,8.017854121607672e-9,8.76383109466489e-9,8.814243629345594e-9,8.959990042488561e-9,8.142078628921945e-9,9.401265919917736e-9,9.105651568093065e-9,9.227348177779519e-9,8.315838642530444e-9,9.524356458214258e-9,9.575086775844385e-9,9.209691464038676e-9,8.415798717210824e-9,9.554766418484251e-9,9.664678520772303e-9,9.784600317799757e-9,8.559738209319e-9,9.763122311578732e-9,9.842941277610651e-9,9.867582041220777e-9,8.639328425450249e-9,9.594024188821945e-9,9.635964608707745e-9,9.703437790159499e-9,8.74988086314048e-9,1.0020904466466517e-8,9.550792011020548e-9,9.611324497994636e-9,8.882424370770365e-9,1.0008102289722624e-8,1.0206382493976027e-8,9.862341212367975e-9,9.10902406534439e-9,1.0305668605235312e-8,1.038990391411169e-8,1.0514040541382809e-8,9.094193083876732e-9,1.0470201305663967e-8,1.0363525955580215e-8,1.0160021683622304e-8,8.743185379904268e-9,9.44797619903826e-9,9.239682216205133e-9,9.049347852702462e-9,8.870335559281049e-9,8.790793748707066e-9,8.441593155063105e-9,8.457447565402934e-9,8.434954557690566e-9,8.455953318879524e-9,8.589478685417549e-9,8.45035174733432e-9,8.531377332325107e-9,8.54917926450387e-9,8.576219846177094e-9,8.635612255777574e-9,8.521874397177904e-9,8.592806413943705e-9,8.610295221792724e-9,8.620733203820636e-9,8.676526320944974e-9,8.5351318445989e-9,8.588285938397306e-9,8.612494001068242e-9,8.597878992487362e-9,8.649087167599203e-9,8.506004447177442e-9,8.492900562219488e-9,8.612264603947304e-9,8.79378158489612e-9,8.990208113947435e-9,8.84802163060709e-9,8.896250738480635e-9,9.05009630526693e-9,9.312108565047615e-9,9.648574995160951e-9,9.438480886335316e-9,9.738478145345372e-9,9.948061762743723e-9,1.013065838781617e-8,1.0405313338473658e-8,9.960845895406002e-9,1.0115287805128206e-8,1.0195993961022788e-8,1.0403746319460157e-8,1.0374667532540448e-8,9.56750226510337e-9,9.225809228231545e-9,8.045577366946876e-9,7.925607167360781e-9,7.087914542814934e-9,6.777128010075086e-9,6.5694312329753244e-9,6.442889392796843e-9,6.3648941153748875e-9,6.563569261734127e-9,6.411315291708755e-9,7.249046847973047e-9,7.292444257125779e-9,7.460252377492736e-9,6.743811025728325e-9,7.686968948736386e-9,7.772086860967826e-9,7.912487588520652e-9,6.957533326851434e-9,8.189589710345641e-9,8.118262646685971e-9,8.246919277363642e-9,7.057420120009525e-9,8.38993642936475e-9,8.605444112226293e-9,8.615446379888776e-9,7.3070274700628275e-9,8.704414012972158e-9,8.714251301456435e-9,8.680149475115828e-9,7.320475042823947e-9,8.478277645031988e-9,8.402762477377424e-9,8.343135401420215e-9,6.995201932417371e-9,8.074423734472735e-9,7.997510569400038e-9,7.94817734353368e-9,6.805641909680592e-9,7.840427798598012e-9,7.732043191901063e-9,7.751217341114785e-9,6.640620228020604e-9,7.725563790449732e-9,7.691011874212183e-9,7.610825203404235e-9,6.5114393930727534e-9,7.557366156004727e-9,7.54049782082567e-9,7.51662381811715e-9,6.328613192244344e-9,7.420622754778414e-9,7.394743910259469e-9,7.398893390802003e-9,6.184622500689598e-9,7.268426665689013e-9,7.069062523045161e-9,7.078597198101914e-9,6.072936222867615e-9,7.135975419741139e-9,7.007180081426987e-9,7.102491924214534e-9,6.077835606868172e-9,7.355539058513916e-9,7.381720620739466e-9,7.349699619568681e-9,6.1758068968155695e-9,7.37161717688778e-9,7.368909905533424e-9,7.372805848692776e-9,6.177578445250031e-9,7.290100741274716e-9,7.291316449947315e-9,7.301758226465793e-9,6.099779695206713e-9,7.019398698429521e-9,7.0199845755441415e-9,7.049469316036191e-9,6.0265846971301266e-9,7.1039781819707994e-9,6.989817148026303e-9,7.0563493074453726e-9,6.0462685372621634e-9,7.075737067271979e-9,7.078744264962857e-9,7.006601814999236e-9,6.089822811591196e-9,6.998064628512762e-9,6.994023056331814e-9,7.015452588174403e-9,6.087184230769462e-9,6.914314616828218e-9,6.9334040762084225e-9,6.981459984771702e-9,6.105925001715039e-9,6.892854718515478e-9,6.916699371262976e-9,6.975421000948007e-9,6.104663527082215e-9,7.048760977020447e-9,6.967662171666063e-9,7.0435077730640896e-9,6.145403564904197e-9,7.081318023396939e-9,7.100670488605229e-9,7.0427889761974936e-9,6.2851170127476165e-9,7.047848202865293e-9,7.035467506456778e-9,7.044137692863356e-9,6.087641301072816e-9,6.902755995988431e-9,6.862296953103307e-9,6.837409195167429e-9,5.902341791194444e-9,6.640127812918389e-9,6.5653734220784625e-9,6.507432483527226e-9,5.672555325450459e-9,6.3799493930601584e-9,6.252028545649937e-9,6.227473006941566e-9,5.520249290111641e-9,6.147237436071699e-9,6.131795344724325e-9,6.0789944754333505e-9,5.580061667227189e-9,6.084124805344861e-9,6.1555130878302485e-9,6.139481751405479e-9,5.4216425146906175e-9,5.408581786750426e-9,5.215086413862084e-9,5.108705469372004e-9,5.053098125156183e-9,5.517859607973654e-9,5.662938816063875e-9,5.805738320508931e-9,5.4325618148013174e-9,6.113550333722914e-9,6.078145312836293e-9,6.197730189684876e-9,5.7456647093105676e-9,6.3334886782403785e-9,6.377012170537627e-9,6.277267040347226e-9,5.694186139431969e-9,6.276558373230768e-9,6.25683311190536e-9,6.335446503067174e-9,5.598994146051285e-9,6.240318844831185e-9,6.0992622027048986e-9,6.034306544529908e-9,5.563950489571286e-9,5.551606143297271e-9,5.677288204539714e-9,5.1146337649951075e-9,5.3115962217662025e-9,5.355557215614842e-9,5.1263494655422675e-9,5.250519643973209e-9,5.151356027050341e-9,5.401139173716784e-9,5.185490870454609e-9,5.181276501020538e-9,5.482181832901373e-9,6.532284763677373e-9,6.754822657768179e-9,6.999335819671733e-9,5.5586479298914906e-9,6.770978901727618e-9,6.944392078549357e-9,7.030577245970696e-9,5.770103745241649e-9,6.653770774806927e-9,6.906328778318324e-9,7.10232425115439e-9,6.120853934661826e-9,5.96130950432211e-9,6.304447111743501e-9,6.6075246354219775e-9,6.715789387887203e-9,6.850651562428164e-9,7.215716234047631e-9,8.10928520182712e-9,7.030732407842446e-9,8.529769283368692e-9,8.732542189436145e-9,8.992601194493735e-9,7.541613431176574e-9,8.897550104296729e-9,8.91730067272582e-9,8.970000242422486e-9,7.559854556662924e-9,8.659720235774671e-9,8.658538389134422e-9,8.747127708027844e-9,7.535437225580643e-9,8.940403369571533e-9,8.621766790633924e-9,8.690183398883431e-9,7.606288854864967e-9,8.884816317418022e-9,8.958950152805121e-9,8.64297049606781e-9,7.691211321030593e-9,8.817510004644248e-9,8.881438807954992e-9,8.963087564175103e-9,7.775531106917237e-9,8.822045584354081e-9,8.908026299584905e-9,8.931613983525047e-9,7.850897396942789e-9,8.713047324043351e-9,8.760300754012494e-9,8.821795587730255e-9,7.866683324217954e-9,9.027268528675682e-9,8.735826445627219e-9,8.747611627273839e-9,7.844805087490193e-9,8.90163631374334e-9,9.00449976263082e-9,8.684714134064525e-9,7.815536738066633e-9,8.79677992607518e-9,8.825758627794068e-9,9.020118341959323e-9,7.863662273151155e-9,8.705714684956335e-9,8.765755169834601e-9,8.854185816069822e-9,8.109205275756798e-9,8.78855453575345e-9,8.861909509435366e-9,9.02366200360836e-9,8.26254368831045e-9,9.499553258271935e-9,9.158477267790166e-9,9.334829230326045e-9,8.47817439012885e-9,9.747441099088198e-9,9.893026431932151e-9,9.468107454160579e-9,8.560743465280914e-9,9.768109697860923e-9,9.885186452151268e-9,1.0111781784901922e-8,8.727348308278608e-9,1.0337230391832357e-8,1.0386004265025168e-8,1.0393215064665569e-8,9.053164483522226e-9,9.979045957651322e-9,9.9255784634407e-9,9.963959054693377e-9,1.0009492876340046e-8,1.00393832737199e-8,1.003114989729708e-8,1.0239725280287165e-8,1.0373092253038297e-8,1.0355214787398067e-8,1.05608717517991e-8,1.0621816450573788e-8,1.0887866346967749e-8,1.1088179056749382e-8,1.1347402232521004e-8,1.1766795101243763e-8,1.051920404120846e-8,1.2091062773674298e-8,1.2371442233084436e-8,1.2395200210885244e-8,1.079672245492167e-8,1.2182237940364347e-8,1.2468337394252754e-8,1.2800116436825395e-8,1.1202982555067707e-8,1.3563364279119773e-8,1.310085413725247e-8,1.3651460720904314e-8,1.2003120444156966e-8,1.4291488042978513e-8,1.4450267580047368e-8,1.3972252597402526e-8,1.2692307852961924e-8,1.3659857781009279e-8,1.3526503941613208e-8,1.3265199790507796e-8,1.1288753682086645e-8,1.068679401903634e-8,7.444997840468396e-9,7.340118663977751e-9,7.220412568501295e-9,6.8607128495751316e-9,6.908543347363744e-9,6.890725190750258e-9,7.045497685436623e-9,8.092257625120382e-9,8.08965556720843e-9,8.174278841909616e-9,7.322025216611116e-9,8.329474817714575e-9,8.40889806737304e-9,8.45890190460867e-9,7.531616195996366e-9,8.554347943035979e-9,8.603877050230425e-9,8.66747905782031e-9,7.642111106781765e-9,8.657829696555735e-9,8.703265688753547e-9,8.766406967842763e-9,7.70272344654649e-9,8.727154165926831e-9,8.761774399309864e-9,8.785149819935156e-9,7.643266375045455e-9,8.732985230361403e-9,8.557056223348058e-9,8.558627724561813e-9,7.420783399457083e-9,8.463309168197414e-9,8.414309633448745e-9,8.273208843188826e-9,7.2010531270584524e-9,8.102700571398917e-9,8.051533803846413e-9,8.045427169375753e-9,6.988887327562021e-9,7.917082866203899e-9,7.878111953503781e-9,7.868102101143773e-9,6.655546673474739e-9,7.618854286073895e-9,7.6315063015286e-9,7.679005136648052e-9,6.610596707453813e-9,7.746062589311257e-9,7.687969800952129e-9,7.756510129104175e-9,6.671645591916018e-9,7.762139587222068e-9,7.76601235479945e-9,7.692175349903292e-9,6.655529307018676e-9,7.715087408923121e-9,7.740810875634587e-9,7.767376365789989e-9,6.7213389265266995e-9,7.659710707500881e-9,7.636201566426097e-9,7.621352949980988e-9,6.685687929133578e-9,7.418014965715518e-9,7.353554549080202e-9,7.318879238487106e-9,6.472966985064212e-9,7.197687295340603e-9,7.0848610911039e-9,7.054080719636799e-9,6.239573572699033e-9,6.994336826814154e-9,6.978635938666376e-9,6.918749692127464e-9,6.2008903220298465e-9,6.88201784508639e-9,6.861957060755996e-9,6.855947942198166e-9,5.949054311548042e-9,6.769858340451759e-9,6.748382895755994e-9,6.735640933947464e-9,5.795265623812745e-9,6.632444593487282e-9,6.614851743879217e-9,6.60444136662096e-9,5.681098910873114e-9,6.573209497743275e-9,6.502803366481289e-9,6.506200080303974e-9,5.633145359787941e-9,6.531185549158272e-9,6.5582220650985264e-9,6.506693644002526e-9,5.768778771628275e-9,6.545157817041205e-9,6.573329768646612e-9,6.600139836303024e-9,5.671745897068857e-9,6.549570193745425e-9,6.567421317011238e-9,6.587017731079275e-9,5.62153831048343e-9,6.531731388666541e-9,6.538400931859067e-9,6.553240319091745e-9,5.640046789539146e-9,6.563499585064896e-9,6.487588739237019e-9,6.542633275590411e-9,5.880147454846395e-9,6.703902208754056e-9,6.7057358977778115e-9,6.485277381492749e-9,5.855617584208067e-9,6.452547931177162e-9,6.429668497361812e-9,6.40378277197287e-9,5.7873665427544795e-9,6.352282356873687e-9,6.3214785831273315e-9,6.280829250935334e-9,5.578842083619646e-9,6.175815332962427e-9,6.0944993769777125e-9,5.98247097206997e-9,5.460238810278335e-9,5.676095319820428e-9,5.1808249065962565e-9,5.2041233091616476e-9,5.240330407178789e-9,5.3740052479975544e-9,5.427111885863396e-9,5.248224926757378e-9,5.128943470974107e-9,5.641025338341488e-9,5.286582212040329e-9,5.412112692658423e-9,5.7878776451518234e-9,6.690831031397352e-9,6.69035092163495e-9,6.682457685444834e-9,5.609119960262327e-9,6.4912574796316066e-9,6.4244395890684174e-9,6.399038893574564e-9,5.189872366252363e-9,6.264469538798334e-9,5.959591586866985e-9,5.875713001189582e-9,5.013297691293497e-9,6.0414803208937636e-9,6.180990768365696e-9,6.045574758222057e-9,5.384254203976686e-9,6.299945636291134e-9,6.413892421443639e-9,6.490133981497912e-9,5.464659403949025e-9,6.427881363137541e-9,6.5745067530083435e-9,6.623044310526768e-9,5.695510904193294e-9,6.063346955937036e-9,5.347093468040312e-9,5.3126023930225e-9,5.490739401116349e-9,5.928144345304179e-9,5.759474179524134e-9,5.967718422271458e-9,5.764429690859852e-9,6.174451488590499e-9,6.321994548280091e-9,6.313035873073269e-9,6.647476298547712e-9,7.535360547379326e-9,7.625378990305341e-9,7.742681987875183e-9,6.913869144242175e-9,8.097091524588623e-9,8.456274237869299e-9,8.679668804611935e-9,7.508811350559108e-9,8.642852002449008e-9,8.716583431281632e-9,8.888980370196358e-9,7.716368413864503e-9,9.17629548372612e-9,8.85072695060051e-9,8.992275531968232e-9,7.808423288526848e-9,9.172796998277139e-9,9.23629051468753e-9,8.932951683304766e-9,7.881551332300402e-9,9.172001070534043e-9,9.224955902717876e-9,9.336773058117182e-9,8.00764200718315e-9,9.25089134556134e-9,9.321104048379461e-9,9.408929078775754e-9,8.237121777573594e-9,9.161990834347705e-9,9.266706063493201e-9,9.389093415207691e-9,8.43088570656839e-9,9.707270843544072e-9,9.197335441153232e-9,9.29385098057827e-9,8.58440693608011e-9,9.640386876101122e-9,9.760839650121814e-9,9.347652075630505e-9,8.646121883753563e-9,9.615515922948292e-9,9.664581342263668e-9,9.745287084464889e-9,8.669662987018725e-9,9.564833114798438e-9,9.612653955988134e-9,9.67298404076989e-9,8.743012821195047e-9,9.467077357410624e-9,9.595961416797583e-9,1.0042452861599856e-8,9.35739204154327e-9,1.0980337021794139e-8,1.060880401776545e-8,1.1216654655360955e-8,1.0400763667400254e-8,1.2108822659026056e-8,1.2350054215811344e-8,1.218983142628514e-8,1.1320308359704393e-8,1.2969236417261239e-8,1.3273423084167373e-8,1.3646594418134125e-8,1.219963291127609e-8,1.3874519266363823e-8,1.4168499936866269e-8,1.465659305424926e-8,1.3268958772387204e-8,1.5064286359868916e-8,1.5656525379365136e-8,1.6228068001112508e-8,1.4926586117585702e-8,1.773062281735035e-8,1.7662889024726965e-8,1.85525572736184e-8,1.7065403579853957e-8,1.983440823397419e-8,2.033783629783844e-8,2.0160865617321587e-8,1.8615169755413926e-8,2.1759940699290865e-8,2.2670803947599566e-8,2.325054309121161e-8,2.0702272295320373e-8,2.3598755153344062e-8,2.3879567449804694e-8,2.4312689190167292e-8,2.1667455859617184e-8,2.415232335115833e-8,2.4060444197708383e-8,2.4258771894933285e-8,2.156375646452439e-8,2.4079061880269054e-8,2.302065070071652e-8,2.2736436269462468e-8,1.9713429742716708e-8,2.20051659582539e-8,2.185870892695912e-8,2.132729559698227e-8,1.929633091701197e-8,2.1401342246204033e-8,2.137911187922689e-8,2.1566310371099708e-8,1.9546201568575193e-8,1.979134928094986e-8,2.0057506553464e-8,2.0645235454014136e-8,1.76356354025368e-8,1.683669372644562e-8,1.682463034348763e-8,1.361576875041537e-8,2.0122477783898804e-8,1.1915113683290779e-8,7.952500936120226e-9,8.067253906782684e-9,8.434808163901625e-9,8.404741917401485e-9,8.651028152847178e-9,9.94943668828328e-9,8.956128363418165e-9,1.0113782445242785e-8,1.0147408793644162e-8,1.0212927151729551e-8,8.763736606859217e-9,1.0003243331043921e-8,9.984092949987468e-9,9.945340885962112e-9,8.269151039286906e-9,9.802234215791648e-9,9.798783466476611e-9,9.793712255972886e-9,8.112329684680062e-9,9.743613804465054e-9,9.651530623724104e-9,9.668942569789933e-9,8.027010234728203e-9,9.681760257361672e-9,9.65632548215945e-9,9.560503450602424e-9,7.898046836653758e-9,9.480330171901036e-9,9.426839873841132e-9,9.363053295242204e-9,7.664852773637685e-9,9.184562278638685e-9,9.155400109860603e-9,9.109327555007972e-9,7.390029253029204e-9,8.788331211718314e-9,8.677722922649042e-9,8.568074082539804e-9,6.909912181015335e-9,8.24411828381703e-9,8.087010880099207e-9,8.202190683038833e-9,6.459208260164049e-9,7.70815315556494e-9,7.956638546660177e-9,7.82262319750518e-9,6.3833898357776445e-9,7.589433710855343e-9,7.645203846645483e-9,7.556253460343108e-9,6.196463297129508e-9,7.558032722653489e-9,7.57665021640985e-9,7.602260811918703e-9,6.095772664872539e-9,7.444221970647233e-9,7.434653141593105e-9,7.3952306911397195e-9,6.010167331444006e-9,7.341952237736066e-9,7.318851123474778e-9,7.334077337269606e-9,6.006403078619825e-9,7.319859595490561e-9,7.306257461820308e-9,7.223727037636028e-9,6.716151667020765e-9,6.795004084693339e-9,6.863356778926869e-9,6.924648401787102e-9,7.009707711300024e-9,6.911489371087608e-9,6.9793339492806496e-9,6.970194905516697e-9,6.955167813431306e-9,6.930193277814958e-9,6.725758928407216e-9,6.7173484700668e-9,6.719976829177492e-9,6.721955699415208e-9,6.7434142126815234e-9,6.568197645301259e-9,6.6033627476236245e-9,6.607263919551961e-9,6.630403399248882e-9,6.666268298079466e-9,6.509109494673735e-9,6.521438338722406e-9,6.546920766970152e-9,6.578590319953837e-9,6.621065049013483e-9,6.452474425462748e-9,6.486077005157257e-9,6.522461661343931e-9,6.571990540535173e-9,6.6018296425207235e-9,6.4394497420156996e-9,6.4783094071894895e-9,6.522203903608672e-9,6.547832167712182e-9,6.585765670450384e-9,6.428663276006873e-9,6.474907733404189e-9,6.5027549594337145e-9,6.531366724316002e-9,6.565091453166115e-9,6.3947518696141495e-9,6.375081856542803e-9,6.393440921559931e-9,6.467296278252731e-9,6.541574892426662e-9,6.366709492069487e-9,6.393381719005185e-9,6.411798758923956e-9,5.426261459172596e-9,6.5757148088001286e-9,6.4726904900881214e-9,6.536903016604506e-9,6.6291888609191604e-9,6.702734997933091e-9,6.778746383962147e-9,6.674185567734585e-9,6.753767331827909e-9,6.813357822482178e-9,6.877071632391722e-9,6.954673783062258e-9,6.858043096489124e-9,6.939098310023512e-9,6.981324700663515e-9,7.022708093250488e-9,7.077141147074762e-9,6.8852464493876085e-9,6.914278247029386e-9,5.967209105810041e-9,7.0155007167133094e-9,7.011068064143255e-9,6.81084524208055e-9,6.857564096157052e-9,6.905633184662069e-9,6.932242872817027e-9,6.974395361742879e-9,6.669219133435405e-9,6.647500828282742e-9,6.562336474074496e-9,6.4847650925088566e-9,6.45552978336705e-9,6.063430810747385e-9,6.052458497517638e-9,6.040542844719532e-9,6.0309081130230026e-9,6.064697465092587e-9,5.91916812105209e-9,5.937384004431235e-9,5.961277058292396e-9,6.004718030579376e-9,6.048506712453874e-9,5.926590826123721e-9,6.0195304797283025e-9,6.085430477025414e-9,6.086713971112145e-9,6.175294804345953e-9,5.920848639431311e-9,5.4784818584792465e-9,6.268115064763311e-9,6.3769202821930456e-9,6.478877066948429e-9,5.587970443498499e-9,6.401846037356107e-9,6.487992892476714e-9,6.564276937352132e-9,5.698733449650442e-9,6.4271676552961495e-9,6.436984292266538e-9,6.440461172882725e-9,5.717232654090545e-9,6.7345311420622796e-9,6.493258819149811e-9,6.576348447977484e-9,5.895700083163388e-9,6.901794811543104e-9,7.008925353787273e-9,6.731948248650201e-9,6.0023711991105134e-9,7.064004960649473e-9,6.980546131583323e-9,6.06466698289769e-9,6.035300518454311e-9,5.989409594833345e-9,6.06370004537438e-9,6.168220426477833e-9,6.278948642802869e-9,6.7188168450740096e-9,6.932978376780663e-9,7.1075912854884565e-9,6.42104656964519e-9,7.52182248964987e-9,7.253440028384597e-9,7.342947404694971e-9,6.5239449475356545e-9,7.610159489927363e-9,7.686885972281571e-9,7.360163073368803e-9,6.554683139859838e-9,7.584560242689129e-9,7.653668075124884e-9,7.68444390751459e-9,6.549281835124374e-9,7.512447219051453e-9,7.546000052481644e-9,7.576301921195045e-9,6.681303564268358e-9,7.370208698752714e-9,7.390417712601155e-9,7.4417530230943835e-9,6.560309205084636e-9,7.688156935286914e-9,7.378825861830184e-9,7.430202744977626e-9,6.541015871485465e-9,7.608427409134117e-9,7.672442003238605e-9,7.319553993415433e-9,6.494597180018336e-9,7.466098534344172e-9,7.462278543316766e-9,7.478519323234406e-9,6.365602678732822e-9,7.218414855437496e-9,7.2153103268166645e-9,7.2158203761828634e-9,6.274027864511599e-9,6.996326259604954e-9,6.986075660417862e-9,6.989199271236407e-9,6.130635681781921e-9,7.110596966471642e-9,6.786287721245511e-9,6.761229724714175e-9,5.9472570832172774e-9,6.8210074694807935e-9,6.827405328984108e-9,6.469974299197494e-9,5.745783668077766e-9,6.53042974029921e-9,6.52030462806392e-9,6.564468016832888e-9,5.614777014776239e-9,6.438272852329408e-9,6.5120486392209255e-9,6.650359662481399e-9,5.738316693735255e-9,6.577259124704055e-9,6.600676537615347e-9,6.654571231390313e-9,5.687948559175725e-9,6.77865662232296e-9,6.33885239178253e-9,6.3513029609583e-9,5.520423765017237e-9,6.4659969967276574e-9,6.5564406294397145e-9,6.291414899781591e-9,5.474796891134153e-9,6.490972863359596e-9,6.563969749212573e-9,6.766280560895588e-9,5.657473277616955e-9,6.797578874861608e-9,6.808296474051874e-9,6.857364493637633e-9,6.0089247129443395e-9,6.621443405674291e-9,6.561343111889545e-9,6.535556885851545e-9,5.896045925866184e-9,6.439828994621528e-9,6.190211064688466e-9,6.107828515760167e-9,5.626982827633066e-9,5.390283794491439e-9,5.537144469630529e-9,5.2739766992619835e-9,5.628614700960466e-9,6.018932319075452e-9,5.992622154384281e-9,5.988138435247987e-9,5.487346081135937e-9,6.030822671820828e-9,6.1458604963729796e-9,6.248042598190572e-9,5.6592081116625085e-9,6.3856517947863186e-9,6.4746054831139714e-9,6.579816900374041e-9,5.970513046146153e-9,6.711209641317538e-9,6.633899336980905e-9,6.607870587257619e-9,5.911631901596171e-9,6.648989513988126e-9,6.646616497417309e-9,6.356762061610011e-9,5.8745105782187934e-9,6.67168031773313e-9,6.77790110429398e-9,6.8610729492807055e-9,5.971628677355624e-9,5.851164605454606e-9,6.7683243151944465e-9,6.870106309464045e-9,5.992476949710663e-9,6.7898047598961255e-9,6.77044889646011e-9,6.740082131443267e-9,5.9119695473092175e-9,6.724743839078944e-9,6.6944327722062095e-9,6.657503562526888e-9,5.8272995862211275e-9,6.627964787419759e-9,6.594425192324718e-9,6.2499093216172955e-9,5.137763583232762e-9,6.436557613195104e-9,6.504364045020875e-9,6.539938863236075e-9,5.570843852339096e-9,5.405965383536023e-9,5.433020767213404e-9,5.458020492381092e-9,4.9624556029086215e-9,5.281945015312385e-9,5.371135722678886e-9,5.483390992505822e-9,5.584704838802826e-9,6.537185608009652e-9,6.298067688973305e-9,6.258896968811842e-9,5.517996097778031e-9,6.230316567847594e-9,6.20599182530438e-9,5.791970429639445e-9,5.356711240418417e-9,6.065608300897096e-9,6.175232557614465e-9,6.213590180058497e-9,5.16481315997504e-9,5.8097890992898516e-9,4.988684862738488e-9,5.0176306791289605e-9,4.7079226408622136e-9,4.854689756278381e-9,4.8365354241333655e-9,4.824111003647901e-9,4.625637737694245e-9,4.8194031093121846e-9,4.8562712596448625e-9,4.827458934703817e-9,4.67559630687047e-9,4.7377551718077356e-9,4.854114045712204e-9,5.056153115918706e-9,4.8044653626534156e-9,5.203736038006768e-9,5.172245653201114e-9,4.969227841404965e-9,5.736994201981892e-9,5.372174833871057e-9,5.4531747615378175e-9,5.680810106171104e-9,7.542839357201063e-9,5.5214715868610136e-9,5.677855034464348e-9,6.033791317190713e-9,6.678916353106702e-9,7.3391166342698425e-9,6.857701047365126e-9,9.667950078040519e-9,6.029482133198059e-9,6.290816922387484e-9,6.5239910985349604e-9,6.439876668328866e-9,5.614104716091133e-9,6.432828466873865e-9,6.374772819266538e-9,6.347098119452282e-9,5.3113085244161675e-9,6.286996383486122e-9,6.296170795643543e-9,6.304549599051369e-9,5.204345453677289e-9,6.289373945950084e-9,6.310274517546881e-9,6.327752471030607e-9,5.216616234830477e-9,6.3354509680581e-9,6.309836617290504e-9,6.324146713031281e-9,5.219967406320143e-9,6.320372481063239e-9,6.336318350085164e-9,6.291905106824578e-9,5.219427005705956e-9,6.3007721696285e-9,6.314975452656425e-9,6.320645427271703e-9,5.202648411089829e-9,6.250062755151442e-9,6.2605689053711175e-9,6.259429724462837e-9,5.154124845129148e-9,6.187900333571708e-9,6.193359189507798e-9,6.19013947143447e-9,5.135970769337753e-9,6.2051547790446345e-9,6.120590520383144e-9,6.116015823419028e-9,5.1614307467748375e-9,6.2350723818106945e-9,6.249022672940101e-9,5.405671455762553e-9,4.881208770876684e-9,6.027056310202141e-9,5.979997976464067e-9,5.943803946821997e-9,5.1592564994948374e-9,5.957682875609019e-9,6.084671472674662e-9,6.210213324332539e-9,5.570989977322378e-9,6.251500701424812e-9,6.30051072076307e-9,6.3622827061390435e-9,5.464351825815994e-9,6.391367612582341e-9,6.260253173885073e-9,6.309142726700306e-9,5.185289256993196e-9,6.35761768796547e-9,6.325725589882855e-9,6.127838664042896e-9,5.026724619056038e-9,6.083199789951709e-9,6.056553943900092e-9,6.2185991307723055e-9,5.244130884504248e-9,6.4279024206959035e-9,6.5296078337420276e-9,6.666059096919143e-9,5.6096727188464386e-9,6.577290014531426e-9,6.546889491650512e-9,6.510641106843395e-9,5.436288386766683e-9,6.424317822958101e-9,6.122042694484944e-9,6.1021587719274306e-9,5.402600537992269e-9,6.309393161038442e-9,6.366776447380283e-9,5.7685792593978844e-9,5.317111655090503e-9,5.536196245961502e-9,5.54234947803578e-9,5.625559362404537e-9,5.543834907942964e-9,6.214349221689156e-9,6.2852464291070254e-9,6.43465270197307e-9,5.727244039586481e-9,6.466712283409037e-9,6.56727649944457e-9,6.6836631535046565e-9,5.90145607727279e-9,6.964872273404868e-9,6.693695355972136e-9,6.813257730906544e-9,6.032215720253186e-9,7.101084080760775e-9,7.181627395462535e-9,6.947480964730065e-9,6.172022751058714e-9,7.268555856070694e-9,7.347820033890802e-9,7.470889833990416e-9,6.328707082021424e-9,7.434293980273412e-9,7.474347264991339e-9,7.592910314254646e-9,6.431980767576328e-9,7.3355300021670786e-9,7.350954459231033e-9,7.379961534791797e-9,6.446245271901506e-9,7.551470848918714e-9,7.068597504753199e-9,7.116599156263078e-9,6.436633030041847e-9,7.415519388990515e-9,7.51057083256607e-9,7.1357774398659485e-9,6.454420153936472e-9,7.419371445703636e-9,7.494058622707621e-9,7.556038766136403e-9,6.441700865429008e-9,7.394301059998475e-9,7.4361811436562595e-9,7.489065847198614e-9,6.463998667237127e-9,7.1729711074164234e-9,7.19568938399548e-9,7.2284141884429286e-9,6.392961269000206e-9,7.394614594700486e-9,6.891123010945204e-9,6.8774110877899105e-9,6.257545147004e-9,7.13492854629054e-9,7.204757592723149e-9,6.806104222983748e-9,6.195991799947046e-9,7.035653129673013e-9,7.073714634242732e-9,7.112376635422222e-9,6.049627787070497e-9,6.896272932739993e-9,6.8893855842810274e-9,6.863847777884965e-9,5.896595398605135e-9,6.430660808385265e-9,6.414322868428477e-9,6.506819526915382e-9,5.717295317727095e-9,6.879976524470491e-9,6.53202770730703e-9,6.696776995522273e-9,5.673296286200939e-9,6.778291038398281e-9,6.7583223662793605e-9,6.43980350317194e-9,5.480809003092089e-9,6.5046082272968645e-9,6.4889744906240545e-9,6.515172614041164e-9,5.306563571065946e-9,6.346453445051446e-9,6.369684475816277e-9,6.418319736423364e-9,5.336321284722683e-9,6.264909006231849e-9,6.231732058478534e-9,6.274175543195769e-9,5.4291391581110674e-9,6.32561371091895e-9,6.158073442657209e-9,6.149628642871141e-9,5.534816845829448e-9,6.099441771808231e-9,6.044493117234888e-9,5.864262312751801e-9,5.42512886760162e-9,5.753975249037565e-9,5.770515560741034e-9,5.7936066524881725e-9,5.3426758704511675e-9,5.252169340782053e-9,5.348421515845554e-9,5.1279748994058295e-9,5.275318263700929e-9,5.839549293133981e-9,5.952736262292509e-9,6.062502873091748e-9,5.410782031503967e-9,6.203841518618308e-9,6.2421595863940686e-9,6.313332632653226e-9,5.545708965483739e-9,6.425965643472472e-9,6.487444769933416e-9,6.519384920566928e-9,5.835728436428951e-9,6.661291697792494e-9,6.771860294874979e-9,6.8290180995783185e-9,5.88597984172464e-9,6.788870087888647e-9,6.794248762019067e-9,6.788246199538549e-9,5.849486372303471e-9,6.772615260555767e-9,6.821774927437476e-9,5.730586283251554e-9,5.176128116067238e-9,5.715381710312783e-9,5.502967771894846e-9,5.512670222793263e-9,4.947234227907408e-9,5.512421390695302e-9,5.485924937687185e-9,5.0008731248982205e-9,5.014099420619624e-9,4.9069521427230764e-9,4.836634298254288e-9,4.864445094964612e-9,5.4103511015550065e-9,6.552807820637863e-9,6.5978797478783325e-9,6.607422342937321e-9,5.403566757578458e-9,6.587410826168889e-9,6.603770722333422e-9,6.6039833720659854e-9,5.424407409135307e-9,6.595550395245358e-9,6.585614772122121e-9,6.583804770934606e-9,5.407856560208265e-9,6.527471252719861e-9,6.540312688955233e-9,6.5223879793680724e-9,5.409103263614345e-9,6.52101911937909e-9,6.535415885237169e-9,6.536709177473244e-9,5.416966057441154e-9,6.480603118211597e-9,6.4869420216829435e-9,6.488009621253481e-9,5.3639360776423854e-9,6.432924270147106e-9,6.44012648397554e-9,6.440300839967471e-9,5.3534048950155255e-9,6.420841248487748e-9,6.401567697222024e-9,6.397756716207372e-9,5.340234267097459e-9,6.383262353307045e-9,6.390902884157638e-9,6.361772490950286e-9,5.3279748804607135e-9,6.3467824478578585e-9,6.35384007211198e-9,6.353381498959233e-9,5.313645680186624e-9,6.3073873069024575e-9,6.3206824334981485e-9,6.323923864285992e-9,5.281371348675296e-9,6.288531788539243e-9,6.295111695529607e-9,6.301984034739848e-9,5.278273766318204e-9,6.297962450114414e-9,6.279753036232683e-9,6.282057553448247e-9,5.274830886190539e-9,6.2793726146250884e-9,6.292483391672711e-9,6.265834879900413e-9,5.26922151091908e-9,6.25737872501946e-9,6.273555537813244e-9,6.281520193973141e-9,5.266132965887449e-9,6.239222341197595e-9,6.253748191917517e-9,6.262594287942745e-9,5.2341288674937306e-9,6.2230444462057e-9,6.238479436713935e-9,6.246282039835102e-9,5.233869778394088e-9,6.249401885781079e-9,6.2264964309336615e-9,6.232017372235302e-9,5.228945728333887e-9,6.2374229596142126e-9,6.252449541164054e-9,6.221607993347258e-9,5.216360947140753e-9,6.214901429908647e-9,6.229287454127364e-9,6.235350222771424e-9,5.1938623742631835e-9,6.180895442014706e-9,6.192493368359872e-9,6.1964022663031506e-9,5.1416496661883645e-9,6.148812130937272e-9,6.156929611060089e-9,6.157417893487522e-9,5.093263967136371e-9,6.132006278198618e-9,6.070993719385833e-9,6.0644696031310785e-9,5.002462828976405e-9,6.019360900149672e-9,6.002909661920195e-9,5.865139878421288e-9,4.827643881212748e-9,5.77524843438226e-9,5.832256269156623e-9,5.870814718961885e-9,4.862497910553709e-9,5.786575045411201e-9,5.792634132235624e-9,5.033210896445754e-9,4.619511670560977e-9,5.714850062959766e-9,5.692433669839574e-9,5.671806750933091e-9,4.942921548303394e-9,5.686412902955493e-9,5.637741828512286e-9,5.697393523907423e-9,5.057538335090082e-9,5.814427413420012e-9,5.851770260886129e-9,5.739210098596543e-9,5.0179391826804356e-9,5.663860385746396e-9,5.6110494309103355e-9,5.583842728909739e-9,4.517088189111179e-9,5.381695503932601e-9,5.271235502145285e-9,5.129627933439187e-9,4.293864310100675e-9,4.682352880710153e-9,4.852970823859726e-9,5.131984086210103e-9,4.451644156832667e-9,5.5650463154948055e-9,4.748598311061546e-9,5.4368848052013256e-9,5.9929719220024935e-9,8.197017396262013e-9,7.821978842519544e-9,6.8041960781226284e-9,6.163450464449106e-9,6.1938983667141775e-9,6.118374669455412e-9,5.979936514945687e-9,5.695189347129868e-9,5.6509422919185664e-9,5.63115349775951e-9,5.597926714131699e-9,5.6149983303710235e-9,5.4758278121811165e-9,5.137998724269418e-9,5.998550486428031e-9,5.14221596749956e-9,5.869633057572146e-9,5.661716452617045e-9,5.779309813440138e-9,5.347859354140744e-9,6.1095548096841725e-9,6.2225157382860844e-9,6.094693619866866e-9,5.555076083318275e-9,6.388750779448071e-9,6.457780218785864e-9,6.567714380666039e-9,5.723220111443698e-9,6.550185317386768e-9,6.6264439035312805e-9,6.731295117280548e-9,5.868996075483943e-9,6.625996060937461e-9,6.666315067504305e-9,6.845749271351926e-9,6.003316189199378e-9,7.220805025246301e-9,6.886879433531178e-9,7.040074002517714e-9,6.081020093211754e-9,7.228196895056559e-9,7.259797822747336e-9,6.955962068741724e-9,6.10279490852798e-9,7.165289591325697e-9,7.200931867496602e-9,7.262288946740132e-9,6.147514223832803e-9,7.118072258575797e-9,7.139633895059343e-9,7.2001729634108754e-9,6.156451873756432e-9,6.999956557137925e-9,7.032979931310743e-9,7.097100269907503e-9,6.149382302719342e-9,7.2569711179953e-9,6.892925546718453e-9,6.941642558108691e-9,6.080158326033203e-9,7.094818799741253e-9,7.09530782300901e-9,6.783805067981806e-9,6.001320497488511e-9,6.935924754193566e-9,6.9495261076739685e-9,6.986701240100602e-9,5.930791333285903e-9,6.803696195311029e-9,6.808354183021631e-9,6.851835370829786e-9,5.872680823874851e-9,6.635284474409706e-9,6.644818094423424e-9,6.689614769613006e-9,5.762308577470326e-9,6.81314533374452e-9,6.4694157235119505e-9,6.5218637086614e-9,5.6313758994475095e-9,6.631146392296575e-9,6.630752267321368e-9,6.335044145926533e-9,5.48713776792887e-9,6.486862232982907e-9,6.507494586589305e-9,6.560034705634374e-9,5.411542657663666e-9,6.3880406330029914e-9,6.392598649309971e-9,6.446182835055298e-9,5.308211207544355e-9,6.213076969096501e-9,6.22979278594803e-9,6.277473691496126e-9,5.226624924126798e-9,6.436970563042112e-9,6.143302624768249e-9,6.242290820335981e-9,5.2406409303740226e-9,6.292423770942173e-9,6.2639952141119486e-9,6.102325727478606e-9,5.6129187023246316e-9,6.202107873350287e-9,6.1892819950765455e-9,6.210358066673013e-9,5.481939127034581e-9,5.989152760759456e-9,5.905011389628554e-9,5.852895513603441e-9,5.23417369455497e-9,5.55307249748935e-9,5.521042896561618e-9,4.971485007698627e-9,4.895299392457162e-9,5.177202904114708e-9,4.999076396958695e-9,4.9041623204760116e-9,5.228919623171907e-9,5.895805214169459e-9,6.108537035012835e-9,5.769580973433437e-9,5.416285042919881e-9,6.1698650783232754e-9,6.320102183644822e-9,6.421016575234158e-9,5.388300677480696e-9,5.1794420974903745e-9,5.158353544381404e-9,5.101020231296515e-9,4.845949284815999e-9,5.02121691319128e-9,5.128155656139958e-9,5.124655007752416e-9,4.851262280786678e-9,5.124713981940904e-9,5.071967889329413e-9,4.853031552052255e-9,4.847637555642746e-9,4.8552030416794685e-9,4.911462926503919e-9,5.160344269350279e-9,5.461138487587192e-9,6.4631138128873544e-9,6.565145140328391e-9,6.639242463574627e-9,5.557410327331222e-9,6.6822166911812185e-9,6.721164659477893e-9,6.697760385029291e-9,5.4569035051292026e-9,6.626465872461937e-9,6.629940548992435e-9,6.62321424455246e-9,5.385785679865998e-9,6.591761855413811e-9,6.538868771699323e-9,6.528157834004316e-9,5.293525911853565e-9,6.464063589776213e-9,6.4383366081329664e-9,6.312870710501068e-9,5.036947202273542e-9,6.155001977908324e-9,6.198757807287238e-9,6.064003343237394e-9,4.891715488603822e-9,5.3842799026896625e-9,4.5390707128793605e-9,4.530811163987599e-9,4.894668708489858e-9,4.409359040999481e-9,4.466405409876345e-9,4.427712556047897e-9,4.506211485800649e-9,4.702833138751079e-9,4.798980752601919e-9,4.891572496832779e-9,4.661844353625932e-9,5.126966209365381e-9,5.3775639869377695e-9,6.168138817579369e-9,5.603480351419299e-9,6.3886718318276946e-9,6.453305990656871e-9,6.509393587226854e-9,5.457902832791286e-9,6.3102504689327675e-9,6.333514572230561e-9,6.360861998010696e-9,5.393239932234017e-9,6.303104770107647e-9,6.3148615815221114e-9,6.325346717013269e-9,5.3725010066845815e-9,6.330013277504713e-9,6.2380846564067875e-9,6.2447197024563515e-9,5.338770198341645e-9,6.251467267533845e-9,6.256135504799297e-9,6.149833333092378e-9,5.390078681499893e-9,6.14730294973176e-9,6.1522961261364866e-9,6.1603917603594894e-9,5.2394086692040015e-9,6.0613477648402965e-9,6.062451640329747e-9,6.069168764870613e-9,5.285893309205527e-9,5.986875884964217e-9,5.984616770738134e-9,5.9776165799571714e-9,5.220143683579468e-9,6.03728918481771e-9,5.982264598460149e-9,6.019492885826554e-9,5.334575638707513e-9,6.183977123879237e-9,6.192075186274016e-9,6.007993586292252e-9,5.332327330297387e-9,5.957885052706914e-9,5.921768349724185e-9,5.871891960499545e-9,5.15972817388267e-9,5.911380569005757e-9,6.056254708883766e-9,6.096868901661408e-9,5.309768423910173e-9,6.0071270865549844e-9,6.00746202424417e-9,6.00144185582042e-9,5.307663433928238e-9,6.055380053858966e-9,6.0081105652299845e-9,6.002572208561283e-9,5.2953238059354885e-9,6.040893043030839e-9,6.028320663283788e-9,5.601108563423175e-9,5.110553030829981e-9,5.8529043831883156e-9,5.91648753701644e-9,5.0138983601924584e-9,4.7763706701956965e-9,4.552726310006288e-9,4.502767147785006e-9,4.485640802797594e-9,4.4175377620461065e-9,4.498637166211592e-9,4.501161568192101e-9,4.484582318198547e-9,4.37549391207181e-9,4.5263346517090265e-9,4.425198612859032e-9,4.440187659438232e-9,4.468255077686446e-9,4.412928182397028e-9,4.37648885453881e-9,4.269116706594755e-9,5.010053758440958e-9,5.755520095484159e-9,5.840807279523977e-9,5.976251765005516e-9,5.194295148261035e-9,5.980131362055106e-9,6.011227169032758e-9,6.0465169987786655e-9,5.136925264414442e-9,5.934572903685602e-9,5.917579549491836e-9,5.896171523647347e-9,4.828320602523997e-9,5.855981119806474e-9,5.5863434986445635e-9,5.528537462665771e-9,4.697065131615177e-9,5.694332073430341e-9,5.793040131481237e-9,5.621920571830333e-9,4.836928713152239e-9,5.858334873572186e-9,5.969009730326984e-9,6.082752500927234e-9,5.053240845613966e-9,6.148964651123249e-9,6.140443677452001e-9,6.106669026359242e-9,5.0729015354248115e-9,5.795611550238126e-9,5.74658031134103e-9,5.7932685255540945e-9,5.112753769759996e-9,6.020173617041639e-9,5.4776539778911365e-9,5.746113633387794e-9,5.2020959488939015e-9,5.070080063660211e-9,5.5608269096180926e-9,5.315999783328394e-9,5.458719296591095e-9,5.441987508306312e-9,6.375896455054171e-9,6.5582031103939844e-9,5.393452689548966e-9,6.189644213029167e-9,6.3092095371457856e-9,6.437876218188062e-9,5.584906725744895e-9,6.399575640453648e-9,6.477854490666397e-9,6.572095361065876e-9,5.709006768979469e-9,6.795048980836948e-9,6.525637376422914e-9,6.619378392311973e-9,5.797596057719964e-9,6.843175072959413e-9,6.905362057343389e-9,6.671545608700182e-9,5.917815747914293e-9,6.915163507335307e-9,6.973326928651711e-9,7.07445748761765e-9,6.037072337709491e-9,6.967937487649242e-9,7.027053457782852e-9,7.129877451104e-9,6.1555651966641686e-9,6.980782140789201e-9,7.0229956336611535e-9,7.186582884129092e-9,6.263865879216962e-9,7.551438561742023e-9,7.189469923951038e-9,7.3511262014414e-9,6.319575862365279e-9,7.541497786326016e-9,7.563779946148908e-9,7.2485330586038796e-9,6.304504109618481e-9,7.429072694005508e-9,7.447555699768102e-9,7.505456036217853e-9,6.282601783996265e-9,7.350743619595353e-9,7.355317138662101e-9,7.414353679968359e-9,6.237270850811192e-9,7.06625578430336e-9,7.052262194480596e-9,7.047273913082879e-9,6.152599818902272e-9,7.164165719188996e-9,6.679936515153959e-9,6.703137212273507e-9,6.013464887784046e-9,6.889472387012313e-9,6.952610906488535e-9,6.580856994487902e-9,5.920228319073204e-9,6.814582378211941e-9,6.885622630131035e-9,6.963880218079571e-9,5.884345606818654e-9,6.843891700970435e-9,6.921421372802776e-9,6.983960941927177e-9,5.805586991883775e-9,6.679108615682725e-9,6.66370697973639e-9,6.678987711335391e-9,5.652629101547195e-9,6.835672071186851e-9,6.488612579474019e-9,6.518741330807772e-9,5.518160631730202e-9,6.5814828366940905e-9,6.592807793817184e-9,6.24572599034467e-9,5.350750201346312e-9,6.385872010439094e-9,6.44584280284812e-9,6.56407443753094e-9,5.42901885594905e-9,6.4739368972088464e-9,6.476137668766716e-9,6.600708243979845e-9,5.824801439928321e-9,6.624946348048957e-9,6.650266901759361e-9,6.6484041954229806e-9,6.035090964563849e-9,6.643227219238792e-9,6.456676178186813e-9,6.4604545601306776e-9,5.856178388731833e-9,6.440647345869616e-9,5.652231732999303e-9,5.351420822372826e-9,5.269773382914522e-9,5.744406530012896e-9,5.90449484556106e-9,5.482078914166589e-9,5.818167660532354e-9,6.584318931279804e-9,6.584060181917756e-9,6.629420381295821e-9,5.872870714305049e-9,6.655098608317909e-9,6.668705857874911e-9,6.716241862890479e-9,5.993044307004973e-9,6.785102417558686e-9,6.7884743687333835e-9,5.901259974929563e-9,5.6912089251398335e-9,6.682588286675181e-9,6.7167487183615956e-9,6.783589529554523e-9,5.739086979123052e-9,6.867500416325738e-9,6.876545238295066e-9,6.8708058314118315e-9,5.718300957588788e-9,6.8233255894092796e-9,6.850319549816199e-9,6.846201697204031e-9,5.6255974408823125e-9,6.7870914635980966e-9,6.792222723497368e-9,6.792577583673165e-9,5.564038941794477e-9,6.758573265629025e-9,6.705220480060726e-9,6.672726032536441e-9,5.525741927400141e-9,6.833306072158311e-9,6.821681897731311e-9,6.63216469963824e-9,5.46508759943481e-9,5.675153253438558e-9,5.099195436638371e-9,4.803126172357295e-9,5.089971188361309e-9,4.721703265269956e-9,4.64610838281862e-9,4.566231482624635e-9,4.653604506015732e-9,4.5862695629571395e-9,4.7636611245903144e-9,4.8997353502905125e-9,4.754384659301333e-9,5.127353059358461e-9,5.279695343275357e-9,6.4480652010877774e-9,5.675401443812306e-9,6.486373021485044e-9,6.492511605463183e-9,6.460513698037763e-9,5.712432169951639e-9,6.424811821331445e-9,6.39504456370883e-9,6.338488300718756e-9,5.377106442911356e-9,6.245375552745957e-9,6.295726487632632e-9,6.331481196644984e-9,5.3993033562785564e-9,6.2914666471647365e-9,6.307235005189444e-9,6.321169232589618e-9,5.393336324156583e-9,6.325588098790585e-9,6.2404093704868176e-9,6.249379794272228e-9,5.354305893378847e-9,6.237296176899433e-9,6.241315118229003e-9,6.1470448851164795e-9,5.413026666067675e-9,6.135739858070485e-9,6.142614277912185e-9,6.1482203242564666e-9,5.260467443746681e-9,6.055751850335146e-9,6.0599439115565135e-9,6.0677506618942146e-9,5.204815819642347e-9,6.0095356170770426e-9,6.015177976313736e-9,6.027685157932974e-9,5.202226213309654e-9,6.048303158947851e-9,5.993923653295675e-9,6.014330930768695e-9,5.201198289731541e-9,6.0342914764267736e-9,6.058107813164227e-9,5.995730212193092e-9,5.320168360144805e-9,6.0039747055784785e-9,6.0132988090245834e-9,6.022494074367603e-9,5.1567803455281745e-9,5.953039309790164e-9,5.9557481048474385e-9,5.961617284623167e-9,5.122954825542433e-9,5.880988621471853e-9,5.883408884560765e-9,5.89420318780701e-9,5.094637692150033e-9,5.896027244384256e-9,5.830768534060108e-9,5.847110087753099e-9,5.097189079742417e-9,5.864572930801886e-9,5.88930727567789e-9,5.815852655289488e-9,5.1919286256426096e-9,5.817689912035443e-9,5.837816931497916e-9,5.866036110476761e-9,5.067223896092255e-9,5.77751869585839e-9,5.784033427733713e-9,5.795668258596758e-9,5.048511531369018e-9,5.672492062384917e-9,5.67322109229492e-9,5.686867523643564e-9,5.014327776639587e-9,5.6736512699593956e-9,5.589970870135908e-9,5.632339865179769e-9,5.023916341473183e-9,5.725679190388462e-9,5.6875262349727915e-9,5.505720443647659e-9,5.117757899968554e-9,5.65631096945434e-9,5.864070306914409e-9,4.853030335419355e-9,5.5042277956485625e-9,4.562749123521948e-9,4.471349200000927e-9,4.411221083246091e-9,4.9670491399690635e-9,4.440997339929005e-9,4.55889728947218e-9,4.592310795140938e-9,4.486961835136124e-9,4.6415497522649155e-9,4.570972171986603e-9,4.641262967759782e-9,4.48536230625453e-9,4.684261343155997e-9,4.738997639797407e-9,4.507389665693404e-9,4.528544216086434e-9,4.510047582400588e-9,4.485763387123569e-9,4.6535980456871414e-9,4.746601676046965e-9,4.7825283620952185e-9,4.982887517350286e-9,5.169217805987501e-9,5.3738743170191355e-9,5.017749319044743e-9,5.371461376032136e-9,5.627187106283596e-9,5.6106854903600806e-9,6.992798662254565e-9,6.446667639879163e-9,6.4888569253551886e-9,5.64508781963073e-9,6.690759661588429e-9,6.7834105829935624e-9,6.7311915426080955e-9,5.696804495281582e-9,6.881946898252084e-9,6.9321538079551215e-9,6.998380972468757e-9,5.738536575641763e-9,7.099202040858953e-9,7.199556777249439e-9,7.273399476665485e-9,6.116497005411915e-9,7.003458110020605e-9,7.024555861202542e-9,7.054999100242583e-9,6.367393360476263e-9,7.394440224195744e-9,6.674375961112347e-9,6.830709789894374e-9,6.492135180403727e-9,6.289649166728962e-9,6.074754320916343e-9,5.9229962350816165e-9,5.608130532252427e-9,5.783733085748575e-9,5.610105763670857e-9,5.725078048394576e-9,5.731012496583512e-9,5.654967847836012e-9,6.437779951064947e-9,6.612641452335884e-9,5.842282608848632e-9,6.5662467004198685e-9,6.654105522100319e-9,6.758909854480619e-9,5.89607140162497e-9,6.987457136499995e-9,6.7222099272798356e-9,6.791957825768506e-9,5.93596569843289e-9,6.954417707795406e-9,7.019270471717171e-9,6.700020175183485e-9,5.936398617380505e-9,7.053261265913951e-9,7.299467952206975e-9,7.62803901600368e-9,6.64792892437267e-9,7.87788583348201e-9,8.193347334856158e-9,8.315476378889391e-9,7.177841232742612e-9,8.068732645425472e-9,8.111735757782025e-9,8.211206382258843e-9,7.16248112328251e-9,8.419303609431093e-9,7.962802194995373e-9,8.037573066435196e-9,7.0851296597262405e-9,8.188089115968798e-9,8.19631897849707e-9,7.820278958152631e-9,6.957498299688011e-9,7.952892199333286e-9,7.955162411624748e-9,8.009828577114583e-9,6.835620402615144e-9,7.698483046486494e-9,7.608761278847331e-9,7.592456381893001e-9,6.493687664289595e-9,7.193465773120316e-9,7.123499127851347e-9,7.198606900939023e-9,6.253798106576155e-9,7.415834910590675e-9,7.199421490539371e-9,7.339537076575019e-9,6.421281850911131e-9,7.620450591002964e-9,7.776026081952495e-9,7.504419878174835e-9,6.608496349772943e-9,7.77859246995601e-9,7.829833433458966e-9,7.97357398230042e-9,6.759674333771683e-9,7.94642633756219e-9,8.06401732658674e-9,8.22003300810953e-9,7.3541467621489014e-9,8.267532730228604e-9,8.508893734586785e-9,8.758928677425902e-9,7.932045654579987e-9,9.044380275068097e-9,8.671156137666366e-9,8.695747391106423e-9,8.071655740143668e-9,8.69194816015328e-9,8.618601277719569e-9,8.199254213465722e-9,7.560563882725454e-9,7.967514920146258e-9,7.755857433470328e-9,7.719061228983008e-9,7.1671519900867146e-9,7.13346028244634e-9,5.858807687554356e-9,5.956296210525196e-9,6.369076032552275e-9,6.005164998898992e-9,6.044868365480726e-9,6.119190131729232e-9,6.4234677534226335e-9,7.2961497057160275e-9,7.192529633204867e-9,7.219196208557403e-9,6.558663164257995e-9,7.340359012754445e-9,7.381537919197169e-9,7.407001923688913e-9,6.7527159621368975e-9,7.4091331807352e-9,7.448603835346748e-9,7.347719297254823e-9,5.991316105788614e-9,6.25613375650048e-9,6.148131679729066e-9,6.159336061462167e-9,5.769225754771347e-9,5.954779441441871e-9,5.812041763613765e-9,5.827604513965635e-9,6.121869049631851e-9,5.747057960301889e-9,5.735614669318042e-9,5.957400473798652e-9,6.041788097335434e-9,7.149932250956593e-9,7.2147495339324525e-9,7.239731395701274e-9,6.2389023631486595e-9,7.343951917450104e-9,7.298771904486753e-9,7.251861400503126e-9,5.959731009534451e-9,7.121056013159733e-9,7.204748778541454e-9,7.20678206141278e-9,5.760033682661059e-9,5.986302548898332e-9,5.475962707382771e-9,5.0290196160973156e-9,6.042456059974137e-9,4.9837294398245965e-9,4.989806272356171e-9,4.956398626191325e-9,4.953185027117202e-9,4.742311109057436e-9,4.632477030280326e-9,4.743550277389296e-9,4.782079340322802e-9,4.7242491170422365e-9,4.722103105858469e-9,4.70110385972146e-9,4.702881776231487e-9,4.7827845083422824e-9,4.755380156444263e-9,4.746468125090709e-9,4.689292720034787e-9,4.800192862923272e-9,4.796126438410471e-9,4.834346428940947e-9,4.656451473696931e-9,4.895698392966118e-9,4.90217865246693e-9,4.91930057599816e-9,4.704325935116159e-9,5.032127154053178e-9,5.1021992631701114e-9,5.073049593364205e-9,4.755924500067774e-9,5.254142732198094e-9,5.233492084374991e-9,5.318318401400833e-9,4.99178977968487e-9,5.463445673307461e-9,6.487220101177948e-9,6.5361676813755275e-9,5.595980897726924e-9,6.333074846859565e-9,6.379092348827188e-9,6.420080290692658e-9,5.479768794501869e-9,6.491753610310046e-9,6.41608164770324e-9,6.44852350646735e-9,5.501929065981723e-9,6.492243938822939e-9,6.504937223771198e-9,6.397073790327178e-9,5.63358501489243e-9,6.441659235029522e-9,6.490588002832383e-9,6.46975345725077e-9,5.513035160688454e-9,6.119320556731634e-9,6.1772980134510225e-9,6.203813913348911e-9,4.824584164865455e-9,5.003226842965493e-9,4.930172959173114e-9,4.898890505488871e-9,4.61959493012479e-9,4.870974540215035e-9,4.675439199309994e-9,4.650335641202183e-9,4.539884280717713e-9,4.705524346563376e-9,4.715302407109245e-9,4.661527660991223e-9,4.5670911265880595e-9,4.6940337504718045e-9,4.723477155519316e-9,4.74480267329429e-9,4.6122189785585385e-9,4.729612659029035e-9,4.795250321460093e-9,4.7237604750897085e-9,4.565900154134941e-9,4.678539621847861e-9,4.7294782852374614e-9,4.798091816621582e-9,4.6649471038414636e-9,5.098734055834705e-9,5.781638984953071e-9,5.8760448574369586e-9,5.2207472237686185e-9,6.016064325251023e-9,6.0668070605869006e-9,5.980796960574417e-9,5.366140565973772e-9,6.0587526498137284e-9,6.11115514631339e-9,6.185608582654829e-9,5.407989402192619e-9,6.283244780825134e-9,6.432352174929159e-9,6.5470056950072114e-9,5.637068560166538e-9,5.231129903728206e-9,5.621299590892054e-9,5.431556213107624e-9,6.4771737406721976e-9,4.957397989591239e-9,4.846587340738591e-9,4.574169279247058e-9,4.836611855303834e-9,4.56027848988494e-9,4.538348385647518e-9,4.614143324225556e-9,4.648958998517175e-9,4.748633421865175e-9,4.787611743530022e-9,4.908607901503228e-9,4.750372485620726e-9,4.8842233733560445e-9,4.751754968171614e-9,4.756046651562158e-9,4.9727302150907755e-9,5.083157375904083e-9,5.86697665474382e-9,6.00630864137054e-9,5.239500922574032e-9,6.083861781886166e-9,6.014328835466058e-9,6.040663232120447e-9,5.322708823744223e-9,6.053841189327504e-9,6.091223514575185e-9,6.05828410397098e-9,5.628592811155331e-9,6.36916283822811e-9,6.611323798117909e-9,6.874266685367886e-9,6.332708565376576e-9,7.25645673926529e-9,7.470978244328466e-9,7.498962194170191e-9,6.515695144987077e-9,7.312702736796354e-9,7.268606513340955e-9,7.23765563281503e-9,6.041839648658139e-9,7.095533591302558e-9,6.6209837132927246e-9,6.471655361280949e-9,5.668518897077961e-9,6.463415000020974e-9,6.502407288382257e-9,6.319583339079828e-9,5.836999993036982e-9,6.7007643175360926e-9,7.019134191146864e-9,7.274556128060491e-9,6.104721544743698e-9,7.063477430411436e-9,5.98459965118752e-9,6.082881786035356e-9,6.232227117053813e-9,5.942053555257513e-9,6.327218727237671e-9,6.498751271861212e-9,6.2868556578162875e-9,6.871806981825656e-9,6.737195832999049e-9,6.6924400812327916e-9,6.970741946962518e-9,6.845791239560171e-9,6.881570734437005e-9,6.742311121625352e-9,6.942577735664169e-9,7.574190899383537e-9,7.512798186357943e-9,7.489169517018284e-9,6.561859882524285e-9,7.472769817890596e-9,7.619971769329618e-9,7.770369631684124e-9,6.705797288486937e-9,7.704181086241967e-9,7.782750434425456e-9,7.875646976318298e-9,6.7804870809341006e-9,8.071865063842059e-9,7.760381647634937e-9,7.789973755389995e-9,6.73390640827947e-9,7.909002502684513e-9,7.94545462392278e-9,7.553814513911767e-9,6.602315691127846e-9,7.595981088336548e-9,7.561901829353729e-9,7.555274003080136e-9,6.317019082837199e-9,7.1753985870905704e-9,7.114701318435039e-9,7.20426953980754e-9,6.253871759337702e-9,7.07022929937998e-9,7.113266520782188e-9,7.175069222976831e-9,6.266228882366686e-9,7.349413642092817e-9,7.099002901914735e-9,7.166358714527515e-9,6.261957904264718e-9,7.2955731840992205e-9,7.363716905145698e-9,7.153521739697275e-9,6.567289184149896e-9,7.3982024175631515e-9,7.509416397615344e-9,7.70370923960899e-9,6.6548350397175166e-9,7.684887720070862e-9,7.8039800311463e-9,8.001470828401577e-9,6.993241143185575e-9,8.019503215641159e-9,8.091028849309259e-9,8.112094842477879e-9,6.959715227203675e-9,8.1959289354071e-9,7.664936614720097e-9,7.551579664606352e-9,6.424569794480624e-9,7.664582270280332e-9,7.828062368636392e-9,7.599667430023447e-9,6.75613379822549e-9,7.691019394031697e-9,7.629442212361045e-9,7.538957407191277e-9,6.518967588782552e-9,6.98575454524676e-9,6.777514356839759e-9,6.607230712597724e-9,5.718978672225963e-9,6.174552752440975e-9,6.111766631681106e-9,5.8941563463400045e-9,5.5724027288634e-9,5.708902619723371e-9,5.482155692538229e-9,5.457621171479817e-9,6.144442882329085e-9,5.743791762367037e-9,5.928797098225752e-9,5.4765602477366515e-9,6.346125243797519e-9,7.081089462495887e-9,7.136329218689935e-9,7.194380184512545e-9,6.368617638970677e-9,7.10735746995193e-9,7.142103098524002e-9,7.181906512859341e-9,6.388133643442863e-9,7.184476982629139e-9,7.195011669220591e-9,7.213500223048439e-9,6.396501223744546e-9,7.197159701618572e-9,7.1662738226788215e-9,7.18019480562566e-9,6.376373621044476e-9,7.159758181497526e-9,7.150141139165134e-9,7.078655440222643e-9,6.35546258621999e-9,7.018694522896239e-9,6.995769314353704e-9,6.9681598004243e-9,6.1179915705625226e-9,6.8658037913454644e-9,6.845822455543013e-9,6.827060286248117e-9,5.969155805511958e-9,6.760539935430934e-9,6.752177078602527e-9,6.733934810532828e-9,5.9971954715424625e-9,6.682089438315473e-9,6.665051090885578e-9,6.679927295575423e-9,5.975014825175441e-9,6.753632218545536e-9,6.733260596958209e-9,6.578641716321265e-9,5.805187605188348e-9,6.4612576613889545e-9,6.38456947921496e-9,6.276622548211609e-9,5.490458178304246e-9,6.198181829333494e-9,6.229121607085043e-9,6.247933998627973e-9,5.4548494561754e-9,6.2574942895836055e-9,6.299076673149885e-9,6.3356137918429145e-9,5.630859590697157e-9,6.42485702573838e-9,6.26792037408299e-9,6.20464053590592e-9,5.511076442301497e-9,6.159046401880037e-9,6.128996849695215e-9,6.097949269668493e-9,5.442014945616857e-9,6.093864972281626e-9,6.083847367929176e-9,6.07560137270945e-9,5.2944609879234135e-9,6.1235782137865385e-9,6.267293357425906e-9,6.410776983799888e-9,5.594061586310293e-9,6.5239652537992926e-9,6.62496351230423e-9,6.695421387755477e-9,5.762931359430983e-9,6.737747286658269e-9,6.627969843064216e-9,6.653381152817819e-9,5.732523040830771e-9,6.670603823670071e-9,6.68067832607453e-9,6.564303052819746e-9,5.8099497787080775e-9,6.5431977522412165e-9,6.538053574373729e-9,6.5461183786257415e-9,5.5653819810608296e-9,6.382127094757714e-9,6.342536859999179e-9,6.3210851314041e-9,5.428003093021868e-9,6.142399137987523e-9,6.097341318255604e-9,6.064510864151595e-9,5.2509049107386684e-9,5.981414500225887e-9,5.887330289069688e-9,5.860028789417089e-9,5.11431150380978e-9,5.822194173667918e-9,5.8241968077873095e-9,5.787797721892037e-9,5.169475439052881e-9,5.786386925073771e-9,5.8025740850109155e-9,5.826200924499169e-9,5.067518059345136e-9,5.78579986798958e-9,5.804086542261863e-9,5.8237233964463685e-9,5.0371861454879974e-9,5.776675967602949e-9,5.793298125475704e-9,5.80798826945387e-9,5.043457020568505e-9,5.803819370286427e-9,5.741173889423587e-9,5.753743160647942e-9,5.031464985481816e-9,5.752573724980876e-9,5.7661510993524734e-9,5.686029913108927e-9,5.126109096831317e-9,5.701913998039447e-9,5.736124960602829e-9,5.780817469020088e-9,5.188593672820692e-9,5.8053345264653745e-9,5.820371090227534e-9,5.636658544226847e-9,5.124751043561671e-9,5.605070991198774e-9,5.5837144487759494e-9,5.5704127452644006e-9,5.0860983682989995e-9,5.6928698660751955e-9,5.3309850133071325e-9,5.525949886302754e-9,5.00672367185459e-9,5.325978807833431e-9,5.57466902862959e-9,5.207743657005018e-9,5.6153127893458175e-9,4.985555652350385e-9,4.710860135979519e-9,4.680677360891615e-9,4.9860017053784e-9,4.5018348342302324e-9,4.535817776187129e-9,4.557005286916518e-9,5.052840085847372e-9,4.587656627802877e-9,4.728751968306614e-9,4.830449885943226e-9,5.233447342484223e-9,5.123009623120244e-9,4.787666711310686e-9,5.761875639828901e-9,5.418029187760852e-9,6.400180660801379e-9,6.737632566612943e-9,5.8338800361599285e-9,5.4877212265831874e-9,6.2747391146885285e-9,6.398595325452984e-9,6.5182972223428494e-9,5.493017269570221e-9,6.492481711307358e-9,6.369035975048928e-9,6.184041460849678e-9,5.157911337890605e-9,5.4555429317852795e-9,5.380052879333282e-9,5.32039250691411e-9,4.73045269043977e-9,5.119132610511348e-9,5.3363178564738515e-9,5.853124738841129e-9,5.5275991397249e-9,5.452148394397401e-9,5.486923438203294e-9,4.66190294926447e-9,6.122502476983092e-9,5.168800958234388e-9,1.3070920891683822e-8,1.1082661021792323e-8,1.0135542997353813e-8,1.028638089986549e-8,1.0232274655404025e-8,1.0495283870981123e-8,1.0059509790409376e-8,8.094739701226008e-9,8.366580025971885e-9,8.007068075743908e-9,7.03586580349272e-9,6.715590291541677e-9,5.500377932629823e-9,6.352118535039236e-9,5.64034000487128e-9,6.5486191955720615e-9,6.7836831571038425e-9,6.806444517345806e-9,6.133660869898029e-9,7.241133111804631e-9,7.4123988184396e-9,7.612176083535538e-9,6.471547714376812e-9,7.658480311024381e-9,7.77625100712503e-9,7.95701627895557e-9,6.799684660866128e-9,7.94597638614561e-9,8.034089295656805e-9,8.147445076447352e-9,6.962522616565906e-9,8.421315212814789e-9,7.88417436971791e-9,7.945793136051839e-9,7.055778388952623e-9,8.27646806242624e-9,8.416274131757845e-9,8.080649296999878e-9,7.234920456830917e-9,8.42080227729024e-9,8.523022160909003e-9,8.52940476389542e-9,7.180236148551569e-9,8.322780084372478e-9,8.314778857860026e-9,8.20557207989343e-9,8.13108037886524e-9,7.575221571452327e-9,7.551552823019818e-9,7.49500368962209e-9,7.4314004801990125e-9,7.299496487616384e-9,7.046976861169645e-9,6.990473457916432e-9,6.8915626739901404e-9,6.774503050850299e-9,6.7685145838031866e-9,6.769792562826567e-9,6.337216351668067e-9,7.072994587018441e-9,7.212416539498047e-9,7.3674760779188655e-9,7.272128973676268e-9,7.371727317278791e-9,7.343931653013159e-9,7.240895378394759e-9,7.206215964270234e-9,6.769714988996839e-9,6.7171733716500725e-9,6.68414299563553e-9,6.703911411312891e-9,6.698213144768619e-9,6.475374063245083e-9,6.456659623612653e-9,6.486643750279066e-9,6.4795670995959604e-9,6.522456194710476e-9,6.3226034906631e-9,6.348089811817078e-9,6.328414181833746e-9,6.329635550364555e-9,6.363183906933221e-9,6.177773203568874e-9,6.201805100998515e-9,6.240799568422549e-9,6.2983505680913065e-9,6.424355740926931e-9,6.09583929868031e-9,6.13642339354082e-9,6.303152280848717e-9,6.546824859139309e-9,6.736614713249431e-9,6.500668955184352e-9,6.650328950481164e-9,5.709474337278103e-9,6.781719253366301e-9,6.866588066466785e-9,6.6524643377497154e-9,5.87027575577337e-9,6.418814396438362e-9,5.84589132449209e-9,5.485774207886695e-9,5.294826237883748e-9,5.260472968109701e-9,5.4231472243710245e-9,5.478889581508177e-9,5.876483089199193e-9,6.651680561508637e-9,6.571656102827355e-9,6.567160768218497e-9,5.876868149720101e-9,6.529910890109095e-9,6.53966122786555e-9,6.56280381918962e-9,5.920538342354882e-9,6.619702416772629e-9,6.6194013607412506e-9,6.532231975575242e-9,6.04002967446075e-9,6.573534654995921e-9,6.5702088302941075e-9,6.588320250028759e-9,5.826755557218799e-9,6.577382710655451e-9,6.689772357824755e-9,6.788339736933398e-9,6.055430379384459e-9,6.8539686882779405e-9,6.913156368393615e-9,6.990048267189594e-9,6.128647102461362e-9,7.043754780098259e-9,7.024999811141463e-9,7.086559917688987e-9,6.141917493988064e-9,7.114000729921507e-9,7.1312827287840095e-9,7.0740026796322575e-9,6.306691095805639e-9,7.091806909816726e-9,7.091906705918204e-9,7.088615709975383e-9,6.076712856964666e-9,6.968941340281531e-9,6.9819957541802585e-9,7.0139010999293545e-9,6.015703966382178e-9,6.911512139760947e-9,6.921473174820544e-9,6.938046696894889e-9,5.9183640405911744e-9,6.9691899510921146e-9,6.8259842457896624e-9,6.879367885729452e-9,5.836358524784282e-9,6.853116614450216e-9,6.835834226878095e-9,6.734687030764658e-9,5.8295456037839235e-9,6.736783857170727e-9,6.740938420055552e-9,6.7561725518503044e-9,5.807551696877278e-9,6.66671007998967e-9,6.688350239954305e-9,6.715055416518781e-9,6.75234417829761e-9,6.601019184396623e-9,6.616808929618655e-9,6.6313168720548975e-9,5.710135239465475e-9,6.647532839642731e-9,6.472194092226826e-9,6.486789712931369e-9,5.558439433115576e-9,6.520252649257415e-9,6.567671703383661e-9,6.487705352808681e-9,5.009979485113183e-9,5.094136901783842e-9,5.085079302757123e-9,5.7060035782908e-9,4.955112635321738e-9,5.4240663348412435e-9,5.4768448946090904e-9,5.5371314126051e-9,4.933227574403196e-9,5.692212988391689e-9,5.6893425444133145e-9,5.744925430687053e-9,5.008274833825289e-9,5.8348481087416515e-9,5.875681736948699e-9,5.840928152108363e-9,5.215152290008771e-9,5.894506653348065e-9,5.928864942737699e-9,5.962776380734773e-9,5.151982975368679e-9,5.911171009002161e-9,5.927540866158696e-9,5.946097014851469e-9,5.114240165914986e-9,5.891184374359924e-9,5.9134869498840825e-9,5.941128289527375e-9,5.152546976835525e-9,5.956787165655221e-9,5.900130228941063e-9,5.9404812872214626e-9,5.207003796421478e-9,5.98893102620163e-9,6.025179932768863e-9,5.986269887536507e-9,5.404126880760486e-9,6.066656338931089e-9,6.12942434607093e-9,6.1997911643829765e-9,5.415092250766889e-9,6.217460989617365e-9,6.26882371443021e-9,6.3357450392179805e-9,5.565443623996714e-9,6.301271456427669e-9,6.336073655066341e-9,6.395474132476551e-9,5.634658636301193e-9,6.484232680231649e-9,6.426071449027508e-9,6.496390229161092e-9,5.660073789417261e-9,6.54227277363102e-9,6.563565109796418e-9,6.495026606517559e-9,5.822766292534505e-9,6.527664564659679e-9,6.551787947694541e-9,6.609679752244408e-9,5.684555627891857e-9,6.585235428143922e-9,6.637469097292108e-9,6.66065213651665e-9,5.745356956139616e-9,6.305018535607871e-9,6.396042365615105e-9,5.016408673954554e-9,5.210181781174931e-9,5.9605164404703914e-9,5.221186709039446e-9,5.343662320964239e-9,5.546849443744272e-9,6.2560708581273044e-9,6.50151358969343e-9,6.51764338758117e-9,5.667041224229566e-9,6.660426593993933e-9,6.716960283887664e-9,6.7937782069466445e-9,5.604204702335089e-9,6.680214438336547e-9,6.652634268964168e-9,6.6597617854456065e-9,5.446205094409022e-9,6.452551516333387e-9,6.499055829341167e-9,6.44005095528861e-9,5.328688037697607e-9,6.258034271197379e-9,5.901755904657145e-9,6.1477142342936754e-9,5.411859001665247e-9,6.19609191788916e-9,6.25069124561019e-9,6.165411448660939e-9,5.581884318511918e-9,6.471549309415731e-9,6.632947800230461e-9,6.815492836599541e-9,5.851105804872993e-9,6.898390650973302e-9,6.9567270755388066e-9,6.9813617994751664e-9,5.952839410795945e-9,6.701191776690512e-9,6.689618544358505e-9,6.679179712891e-9,6.692685624259227e-9,6.63076577466247e-9,6.41075192856239e-9,6.43513356189846e-9,6.504944709587541e-9,6.468876548150743e-9,6.6655909574935824e-9,6.659103085566509e-9,6.8492578594599776e-9,7.070537034248845e-9,7.327078195179339e-9,7.571291868279605e-9,7.572379891392149e-9,7.775398363862792e-9,7.882481905933877e-9,7.856228221516919e-9,7.846616878638272e-9,7.458814157346191e-9,7.420935791659005e-9,7.36338698969245e-9,7.328835768552313e-9,7.2928898451111855e-9,7.089742204079079e-9,7.203184547368449e-9,7.279279221313642e-9,7.194682434076771e-9,7.3913719546833114e-9,7.2742364529277806e-9,7.451978342257338e-9,7.65590816615321e-9,7.884091046660806e-9,8.091837721011238e-9,7.2534475943845645e-9,8.433590371367472e-9,8.487666414639301e-9,8.445929348333373e-9,7.387776000204555e-9,8.101852987259822e-9,7.948812924019688e-9,7.834298522117155e-9,7.113617271954376e-9,7.77001946637272e-9,7.54163734894459e-9,7.751772324279836e-9,6.9199791785589955e-9,7.627935646830744e-9,7.688430581990375e-9,7.66350786114304e-9,7.195062390863126e-9,8.102135055833224e-9,8.209587496497343e-9,8.351046791105687e-9,7.380339592199109e-9,8.48014145321333e-9,8.493829886890552e-9,8.364981856889203e-9,7.188675274706658e-9,7.87595992857659e-9,7.763272399606607e-9,7.696154622157584e-9,6.923646118159363e-9,7.669250498868555e-9,7.442998728568397e-9,7.500625977128514e-9,6.718922532730422e-9,7.46346249561449e-9,7.472268134834675e-9,7.346866983771749e-9,6.817224822764013e-9,7.76529791071785e-9,8.00378758813214e-9,8.204823974255729e-9,7.1410663541114695e-9,8.483410182105053e-9,8.583986589461924e-9,8.580699447204537e-9,7.371727122850008e-9,8.326844071466754e-9,8.366863891778133e-9,8.432048109336222e-9,7.408163056828243e-9,8.699054412690524e-9,8.324022164846099e-9,8.42780333517356e-9,7.512369405927186e-9,8.898024341256243e-9,9.220737462822421e-9,9.10847789282969e-9,8.085272848264105e-9,9.616762940411755e-9,9.767001644304169e-9,9.865520172466046e-9,8.623277738743843e-9,9.797738095848872e-9,9.864279906790124e-9,9.956172313749492e-9,8.885752417391337e-9,9.72192075401008e-9,9.63200069848204e-9,9.384701631952813e-9,8.817958103912869e-9,8.070580346382851e-9,7.213870364283346e-9,7.359490875320151e-9,6.687763726347394e-9,7.603587179775744e-9,7.724251661010848e-9,7.816256656574243e-9,7.164880867960903e-9,7.959253335936178e-9,8.06575568974399e-9,8.207180996700213e-9,7.295112291011991e-9,8.267358819752027e-9,8.301671673510297e-9,8.371288069754326e-9,7.361872905984203e-9,8.313496447256138e-9,8.323962957665714e-9,8.365701641585244e-9,7.3927603790941715e-9,8.360712862835744e-9,8.281957527276147e-9,8.273876330862485e-9,7.32612673017417e-9,8.218758655153055e-9,8.1881318258033e-9,8.089072090160325e-9,7.2926525224593396e-9,8.00057181150647e-9,7.96519511321281e-9,7.943330535265568e-9,7.0476099007413484e-9,7.800155532148984e-9,7.756057935601866e-9,7.742257467919104e-9,6.856711468555907e-9,7.59230567599527e-9,7.547871716841809e-9,7.531640816013529e-9,6.619520806200692e-9,7.453622480999983e-9,7.289105456948702e-9,7.119747646153228e-9,6.214897228691807e-9,7.012963934970971e-9,6.9835058383738064e-9,6.86772243785895e-9,6.10803595564923e-9,6.778922942738658e-9,6.744798287557363e-9,6.722258822102819e-9,5.788984755224222e-9,6.610423005694828e-9,6.597025181444657e-9,6.587655433408778e-9,5.642260572304647e-9,6.535278913708207e-9,6.5706576382490795e-9,6.618261151294342e-9,5.713282384185318e-9,6.666950685185589e-9,6.534576071178017e-9,6.518813433267105e-9,5.488182751015742e-9,6.4796749399450346e-9,5.3729583592547055e-9,5.016547357694736e-9,4.696911632562697e-9,4.902809896939172e-9,4.871581474490217e-9,4.832390192745893e-9,4.559065343589085e-9,4.449826347691848e-9,4.435341825409469e-9,4.4863453344915295e-9,4.945474655531631e-9,4.556752084864944e-9,4.460152346610455e-9,4.87729908760141e-9,4.944501103675255e-9,6.1636349752701924e-9,6.010278576796105e-9,6.034624548159096e-9,5.0438570643488096e-9,6.08627126769883e-9,6.123237726965712e-9,6.106926507058714e-9,5.072509486173278e-9,6.156518101837976e-9,6.190909143605936e-9,6.218476414929829e-9,5.104334914470222e-9,6.1994707281812255e-9,6.226731992169878e-9,6.257736369257721e-9,5.109124309160855e-9,6.224220892350408e-9,6.247812581611746e-9,6.270383662485203e-9,5.129816065036737e-9,6.290182614264097e-9,6.246156795657708e-9,6.264729105389543e-9,5.140096556797736e-9,6.287271615901387e-9,6.307531861485393e-9,6.256081254519728e-9,5.1441234857982975e-9,6.268823857151983e-9,6.291554239405946e-9,6.3090364599235895e-9,5.147780059218599e-9,6.2524081041064585e-9,6.2741656739984695e-9,6.290744542568089e-9,5.1306290330742566e-9,6.230967515460417e-9,6.249895389302293e-9,6.265696919548846e-9,5.125007366686079e-9,6.265970994232333e-9,6.2081884572439264e-9,6.219996011016329e-9,5.104835447743024e-9,6.212368111737001e-9,6.227933540363648e-9,6.1614620696146085e-9,5.0896547120331175e-9,6.1714568037339275e-9,6.1890601335475465e-9,6.200564181170832e-9,5.074669234087394e-9,6.102361064023429e-9,6.116264283490492e-9,6.127193545717334e-9,5.020585730334926e-9,6.018321590553132e-9,6.021671513094041e-9,6.012677344511517e-9,4.950810618266181e-9,5.949171799641281e-9,5.790795589030493e-9,5.702803835899958e-9,4.821521731296729e-9,5.8452402562915755e-9,5.86528452858626e-9,4.6922901025160375e-9,4.653162099712249e-9,4.963169768899861e-9,5.060006217181207e-9,5.249549566905733e-9,5.3100388559385025e-9,6.158644985858754e-9,6.247187539048323e-9,6.2748938183871604e-9,5.602512036396169e-9,6.312279409738955e-9,6.3319398068907775e-9,6.370978542135448e-9,5.498250323402598e-9,6.3456221053596685e-9,6.22197599093422e-9,6.231926955102336e-9,5.008391056733133e-9,6.305241466749333e-9,6.365003000050748e-9,6.2889084281468336e-9,5.275075368639555e-9,6.393899396558398e-9,6.454974353121098e-9,6.547411405519089e-9,5.385701133960444e-9,6.599304816116246e-9,6.610276006398063e-9,6.6544418117997726e-9,5.463136031813397e-9,6.519223819390166e-9,6.5247641548270826e-9,6.5296392047438746e-9,5.473457444708577e-9,6.505564842813395e-9,6.282364375381272e-9,6.238826313205253e-9,5.538120813887261e-9,6.545180887498722e-9,6.723037673919613e-9,6.625948221555926e-9,5.842177406398719e-9,6.998510474158413e-9,7.143794289142943e-9,7.287585778499411e-9,6.133920477939417e-9,7.449986979388103e-9,7.491310100679197e-9,7.457488610061313e-9,6.2149973697461095e-9,7.231938306879097e-9,7.198047951303159e-9,7.145422175116909e-9,6.165631987669209e-9,7.04937895652801e-9,6.738974467614359e-9,6.839474252589642e-9,6.081915143591363e-9,6.98674477599382e-9,7.132125518073206e-9,6.956504799931425e-9,6.391711572319811e-9,7.368513330693736e-9,7.544826964248076e-9,7.696901492704347e-9,6.733993284906906e-9,7.853432324708637e-9,7.814850495416168e-9,7.603456945986622e-9,6.568824950063311e-9,6.994336458355327e-9,7.1544748272300395e-9,7.562836316577424e-9,6.720420303019466e-9,7.830146301233751e-9,6.978021047100096e-9,7.22186288483376e-9,7.05710426384669e-9,8.671501709865115e-9,8.21134783196011e-9,6.790224043596756e-9,6.8907678537337096e-9,6.884213827204391e-9,6.861889383086524e-9,6.509878718649129e-9,6.690387853224156e-9,6.508986586539822e-9,6.823039814623308e-9,6.882170707804745e-9,6.655667089469119e-9,6.91561815269938e-9,6.90348586227846e-9,6.779547364948546e-9,6.9380757986869715e-9,6.883199882935402e-9,6.775511537723188e-9,6.797750485693354e-9,6.856294392910281e-9,7.546225336854358e-9,7.703221835525645e-9,7.519765429287708e-9,6.761683690285758e-9,7.660930936139012e-9,7.684662728100913e-9,7.750689151939554e-9,6.611740955514642e-9,7.496878918381313e-9,7.517570174907723e-9,7.577462702461422e-9,6.535784028250238e-9,7.349763980573341e-9,7.373398512871384e-9,7.416104460748313e-9,6.3901426648858724e-9,7.50431771318654e-9,7.221830874886447e-9,7.3134311519596355e-9,6.314879288959349e-9,7.436529929081303e-9,7.47161018053961e-9,7.225123817690189e-9,6.221863525325786e-9,7.316921049268841e-9,7.346275008891808e-9,7.407117388003594e-9,6.12961622063737e-9,7.256308068325174e-9,7.2851417688480945e-9,7.325301719897829e-9,6.332446031404324e-9,7.171578802829485e-9,7.136036031509947e-9,7.144630513270343e-9,6.330773155097213e-9,7.0725521132614615e-9,6.906228718285305e-9,6.8803668373346585e-9,6.228159033348417e-9,6.704227263636078e-9,6.408679064823574e-9,6.1559726683382825e-9,5.912560086050289e-9,5.835720839458923e-9,6.445491550438076e-9,6.594870920312486e-9,5.95223820952523e-9,6.607064080284453e-9,6.704793027644349e-9,6.791389788473478e-9,6.28991973969176e-9,6.912480703360309e-9,7.049750928776275e-9,7.199076114273585e-9,6.587268922406496e-9,7.332963505212983e-9,7.353445723396173e-9,7.439680134215636e-9,6.6153604791876105e-9,7.512669221515533e-9,7.558796960685364e-9,7.540393626425069e-9,6.759041810279014e-9,7.566158905726544e-9,7.54560816562145e-9,7.555140285864382e-9,6.5163144560655256e-9,7.417168767264763e-9,7.417912116231202e-9,7.444150234630709e-9,6.421382758870113e-9,7.326100400606627e-9,7.352259033043793e-9,7.53888990818228e-9,6.364094529141967e-9,7.554815578635254e-9,7.46239756771297e-9,7.481395594798913e-9,6.441563188826079e-9,7.46284283803893e-9,7.46542903568284e-9,7.384804133959769e-9,7.406431859921818e-9,7.408653849906831e-9,7.417051470113946e-9,7.430259944848035e-9,7.357999976097917e-9,7.372654400740409e-9,7.342111711708614e-9,7.312642301340672e-9,7.291253508777457e-9,7.167592371915791e-9,7.148167620529353e-9,7.1211530993428634e-9,7.095107733459439e-9,7.0527702772934835e-9,6.890587110219394e-9,6.82144228134564e-9,6.848554124942279e-9,6.91739260203489e-9,6.981253854539063e-9,6.924858435115872e-9,6.980791965933173e-9,7.013111041568877e-9,7.0478776037183625e-9,7.089829715893511e-9,7.044080555099544e-9,7.076382505652781e-9,7.056830346321041e-9,7.054612360332408e-9,7.056695453489469e-9,6.950843285829718e-9,6.94854911730373e-9,6.946851906179451e-9,6.948740713768372e-9,6.9431059921088595e-9,6.831786226618627e-9,6.836241067664696e-9,6.850948793133428e-9,6.858456267579444e-9,6.870052794512674e-9,6.764060396846845e-9,6.786670892422611e-9,6.783792841735919e-9,6.7890687269352614e-9,6.803836524561803e-9,6.701085134045828e-9,6.703632206071648e-9,6.7146467825786275e-9,6.72833107210767e-9,6.747014025414908e-9,6.627365229697658e-9,6.6264273082861525e-9,6.205399410885912e-9,6.226295876684942e-9,6.2521750277467395e-9,6.113190595878458e-9,6.1492870441525914e-9,6.583212241015064e-9,6.6124101020087584e-9,6.635268496910155e-9,6.507210082170667e-9,6.537739848541511e-9,6.559220689445116e-9,6.5889975436946854e-9,6.6200820793825964e-9,6.518949846331292e-9,6.526439833891176e-9,6.54891880506131e-9,6.578299479688212e-9,6.60861561439371e-9,6.479840402388326e-9,6.087697979009153e-9,6.1136588619771706e-9,6.1406952092836455e-9,6.135277536652501e-9,5.876712692815858e-9,5.875397173903711e-9,5.885577137055408e-9,5.866251382381364e-9,5.831505176133348e-9,5.673741451179928e-9,5.639405132645474e-9,5.588553447831935e-9,5.57506874665037e-9,5.564106970287266e-9,5.480888419181746e-9,5.474378933582155e-9,5.469333899022853e-9,5.460472898832133e-9,5.461125531730799e-9,5.359520101799534e-9,5.345354629203161e-9,5.327530966409627e-9,5.311564426291487e-9,5.2831006475814975e-9,5.1674917932618046e-9,5.1460411195323946e-9,5.12187563668549e-9,5.088550960168202e-9,5.0535173787029035e-9,5.001818035544313e-9,4.990025426680821e-9,5.0450986293465895e-9,5.0767546995761304e-9,5.1518071411026966e-9,4.968875633431576e-9,5.0779166394308444e-9,5.227531791356907e-9,4.837773246176219e-9,4.896953841689829e-9,5.097426098070981e-9,5.116594372422773e-9,5.079113559334836e-9,5.1542263903889905e-9,5.0826642977707834e-9,4.882611510460295e-9,4.863856143920468e-9,4.872023591543516e-9,4.867281973122184e-9,4.882311962661095e-9,4.842684110772457e-9,4.871580937174228e-9,4.877523102760673e-9,4.882115202218407e-9,4.889961163403853e-9,4.885907190190075e-9,4.928158511413108e-9,4.824304381560693e-9,4.87939189839573e-9,5.052304461154177e-9,4.962532793299262e-9,5.016359203049318e-9,5.0523516762051305e-9,5.136784904695333e-9,5.2003488493080566e-9,5.092946193000792e-9,5.13065583237074e-9,5.214999510782225e-9,5.27585168944003e-9,5.37431243299183e-9,5.26578746216625e-9,5.332739190236804e-9,5.380201855457749e-9,5.433401096588249e-9,5.531642271211805e-9,5.401210199407748e-9,5.444419099553076e-9,5.494570847418753e-9,5.553223157320887e-9,5.665863607844139e-9,5.504905173518974e-9,5.556783569708663e-9,5.5849337323142e-9,5.631371571903347e-9,5.653031007555204e-9,5.634906166644329e-9,5.650285766589379e-9,5.65745212171307e-9,5.653132264892137e-9,5.653950427987603e-9,5.6321572824012735e-9,5.582056102513608e-9,5.575601960402398e-9,5.5725515504300676e-9,5.49133020794424e-9,5.436503108696141e-9,5.412743956524343e-9,5.409866959182937e-9,5.403623887532146e-9,5.3963372804705345e-9,5.379675119997874e-9,5.381193166397183e-9,5.394630375770729e-9,5.414484744032619e-9,5.42203567851182e-9,5.411720017238511e-9,5.425482229271009e-9,5.442734626767974e-9,5.459191300895141e-9,5.466698937785354e-9,5.457185137848827e-9,5.464648236289247e-9,5.472930655164771e-9,5.4836157762942755e-9,5.4798785136374995e-9,5.470107498358945e-9,5.4616042536685e-9,5.46018898735847e-9,5.460447846209761e-9,5.456070975133712e-9,5.425031685379165e-9,5.41872009273596e-9,5.414715182957683e-9,5.406492407585329e-9,5.391819961700386e-9,5.3557162752123474e-9,5.342965067661527e-9,5.336354832269702e-9,5.31994038938758e-9,5.298847555707166e-9,5.248278737739532e-9,5.231763926257688e-9,5.2138055423934006e-9,5.196505221593468e-9,5.166025570883521e-9,5.111465631589664e-9,5.08254085498314e-9,5.0521624050345355e-9,5.024745023085419e-9,4.992284710014704e-9,4.927471278194252e-9,4.89420080569909e-9,4.8644159744147585e-9,4.836626027461995e-9,4.800094546864752e-9,4.742575483536717e-9,4.711124572472325e-9,4.687111221010237e-9,4.654180982904823e-9,4.621906106716533e-9,4.5634913181738425e-9,4.532891202724559e-9,4.508374215844979e-9,4.4906395779462924e-9,4.476337595270572e-9,4.431743004802451e-9,4.409821852181803e-9,4.39331627756175e-9,4.381116050649008e-9,4.368371571402963e-9,4.343414025736535e-9,4.345451888705195e-9,4.348538053889437e-9,4.3574538419220135e-9,4.401711920110914e-9,4.450739274456659e-9,4.505777609461401e-9,4.555039011140102e-9,4.595145725290917e-9,4.6375133930838936e-9,4.66890341562933e-9,4.720033970141198e-9,4.752927597284574e-9,4.788751718556744e-9,4.838359780154822e-9,4.825891620267626e-9,4.860116189395521e-9,4.895457084850216e-9,4.9643097491213945e-9,5.073053038536298e-9,5.08936899597191e-9,5.2269025517834186e-9,5.255157645767192e-9,5.303957832450541e-9,5.353532315258891e-9,5.3535175426061886e-9,5.418285063791814e-9,5.462392584369637e-9,5.47070556581427e-9,5.479829610698543e-9,5.422669066074706e-9,5.4442810264321454e-9,5.456005562988695e-9,5.471251853585927e-9,5.483159175216954e-9,5.414569231237631e-9,5.4279297515637624e-9,5.451079473869696e-9,5.476167005102994e-9,5.502783195919796e-9,5.42375629225906e-9,5.423324294012479e-9,5.425754835853027e-9,5.424252824008458e-9,5.417522268587662e-9,5.3298666013937126e-9,5.334831945800971e-9,5.341909896495446e-9,5.3441239986196055e-9,5.351071643836118e-9,5.276941789467274e-9,5.297615722818335e-9,5.307932038508452e-9,5.3172309297400776e-9,5.330712006690254e-9,5.259737872876526e-9,5.271248110608746e-9,5.279192426855132e-9,5.286740778110693e-9,5.293721211344487e-9,5.216435363933828e-9,5.22242917495646e-9,5.226360620577427e-9,5.2336784637112135e-9,5.231728640904802e-9,5.158486497671422e-9,5.16278600132996e-9,5.1682846093538494e-9,5.171055337231941e-9,5.1692175562945125e-9,5.102648932711642e-9,5.111137035409208e-9,5.112629018288613e-9,5.117142829327164e-9,5.120063316187203e-9,5.053129998149904e-9,5.054521021728585e-9,5.058909951202165e-9,5.065312092069797e-9,5.0762112469560355e-9,5.0103318152294685e-9,5.019131018862646e-9,5.0296992678079804e-9,5.039025278608902e-9,5.044192660482772e-9,4.978209169512686e-9,4.985069848194828e-9,4.9951236900395625e-9,4.997856649862319e-9,5.0047783197327935e-9,4.945676749653957e-9,4.961455349069221e-9,4.9691527831230245e-9,4.977855869846086e-9,4.989761359615501e-9,4.933556964356198e-9,4.942619294074578e-9,4.954212292837762e-9,4.967591864141591e-9,4.9786060891016006e-9,4.921473838524709e-9,4.92560375389295e-9,4.9407987071455225e-9,4.957855280003972e-9,4.968123227715195e-9,4.916150610186097e-9,4.921643702336053e-9,4.9380686542348e-9,4.94719985782831e-9,4.961485435309992e-9,4.91485250321361e-9,4.9242992777226375e-9,4.937687710213666e-9,4.952946035347559e-9,4.969142531008893e-9,4.92317416157475e-9,4.929691454820782e-9,4.946775484100411e-9,4.962053919995531e-9,4.9816723006159924e-9,4.9265212940761705e-9,4.933684905533592e-9,4.953823058181842e-9,4.977086585492903e-9,4.99055940246632e-9,4.940000949264387e-9,4.946748714948954e-9,4.9684396122826524e-9,4.979194944606657e-9,4.994657114946969e-9,4.939749420253582e-9,4.955201479148395e-9,4.967909712800714e-9,4.98347289134201e-9,5.00038986890693e-9,4.95282345767841e-9,4.96440836754303e-9,4.982561437031183e-9,5.000504918106326e-9,5.02135170144842e-9,4.958841094332376e-9,4.973095636270766e-9,4.99211220892846e-9,5.010220791231053e-9,5.021766582162463e-9,4.9577452425316405e-9,4.972070139896071e-9,4.997370468536323e-9,5.009304264134702e-9,5.019639676441383e-9,4.969133590802943e-9,4.971558215349292e-9,4.967225025066033e-9,4.963857146666217e-9,4.96384327667616e-9,4.936202168116263e-9,4.919370351223281e-9,4.903613556148163e-9,4.88420177204925e-9,4.870113916202969e-9,4.839045376911936e-9,4.828401418575141e-9,4.904187692930917e-9,4.985428167094207e-9,5.113281904590702e-9,5.000364542071468e-9,4.697108016960424e-9,4.5906654511132424e-9,4.861592103119846e-9,4.829531633940137e-9,4.825092555764407e-9,4.679618046234647e-9,4.941882589552183e-9,4.939155791275478e-9,4.9639319911409896e-9,4.762946757421814e-9,4.811197164296758e-9,4.809092398833986e-9,4.8490302481841084e-9,4.895126938392863e-9,4.8907036384477275e-9,4.903887416966463e-9,4.909723869602696e-9,4.915233270070622e-9,4.8596058306710575e-9,4.821374532323049e-9,4.763695065536759e-9,4.716442805394869e-9,4.655463814739027e-9,4.5755607483769654e-9,4.5282030420723865e-9,4.467683508489154e-9,4.418439780234497e-9,4.371777471896339e-9,4.325247745769439e-9,4.299987549804028e-9,4.333485751338752e-9,4.3786750977542416e-9,4.432039678843598e-9,4.480880607906947e-9,4.530588674669001e-9,4.588869078481156e-9,4.616160067974216e-9,4.64277045079807e-9,4.6659489186412774e-9,4.690396079919944e-9,4.720675787605805e-9,4.7579590059327284e-9,4.822208551342676e-9,4.849959430733997e-9,4.839893429495059e-9,4.8302766119183795e-9,4.934464046123972e-9,4.997020697508407e-9,5.023745466576452e-9,5.033051463627222e-9,5.055618546436155e-9,5.0927487088595145e-9,5.1287989627531e-9,5.163757396754658e-9,5.176335034309135e-9,5.207827756841933e-9,5.248263054430295e-9,5.283658712176347e-9,5.310523602573585e-9,5.317887242497801e-9,5.337380985767381e-9,5.3653246568035875e-9,5.3920843242405725e-9,5.4102672282437786e-9,5.410845612559894e-9,5.44358830615321e-9,5.461370313839834e-9,5.479622202913286e-9,5.48763026575698e-9,5.476849757735099e-9,5.4848324319745015e-9,5.5010414466988974e-9,5.508293448839873e-9,5.504413150355672e-9,5.482200485993925e-9,5.484675669363376e-9,5.486251153113718e-9,5.493874756570494e-9,5.480389122165302e-9,5.441269414807599e-9,5.432622150900498e-9,5.426330442013062e-9,5.416630013175413e-9,5.402984946732476e-9,5.361555895542194e-9,5.352223709534308e-9,5.344191462306178e-9,5.337227421471259e-9,5.322568939386101e-9,5.280976873898252e-9,5.263262828096447e-9,5.24587616448364e-9,5.230879801207899e-9,5.209930054695883e-9,5.157170743678514e-9,5.1380341336968834e-9,5.112437542463196e-9,5.093101037567254e-9,5.060550065957293e-9,5.010598436477044e-9,4.973813104112304e-9,4.950596111523851e-9,4.903956281992345e-9,4.845531591619524e-9,4.761697257806077e-9,4.73701412884474e-9,4.7094860519860876e-9,4.691311038408978e-9,4.675844502834152e-9,4.624482719078162e-9,4.5900163677524394e-9,4.548467920734864e-9,4.512397569245777e-9,4.481543986734918e-9,4.438059730655161e-9,4.419789397838853e-9,4.405423559446914e-9,4.3872936232630295e-9,4.38213858035286e-9,4.3596901541056815e-9,4.356563682067858e-9,4.356131539264527e-9,4.361393226776232e-9,4.3714940377080095e-9,4.390055125122389e-9,4.417704468785396e-9,4.473897593321579e-9,4.52657835269925e-9,4.586954676240529e-9,4.6413145431385726e-9,4.6854190112387944e-9,4.7141215564736e-9,4.7556813971180935e-9,4.808968292392349e-9,4.813616191803059e-9,4.8589798443140375e-9,4.8978666939465855e-9,4.951036944649679e-9,4.999163454680625e-9,5.016333177796367e-9,5.105479287838363e-9,5.254713928017131e-9,5.471705650840476e-9,5.45408866460495e-9,5.491093910708966e-9,5.5634768678840325e-9,5.592091090945978e-9,5.601273924957164e-9,5.6214115083590025e-9,5.589480122702508e-9,5.609610817237893e-9,5.632688766579797e-9,5.65131925224946e-9,5.677812022966495e-9,5.612262640787788e-9,5.634076226064726e-9,5.650030925427263e-9,5.675713386996916e-9,5.694106460629462e-9,5.637339685581112e-9,5.6714867357254455e-9,5.693628833049363e-9,5.700329246062994e-9,5.695354752974444e-9,5.600569675091256e-9,5.600061433053954e-9,5.586547193064159e-9,5.5844027613152955e-9,5.585121320610726e-9,5.503221290932134e-9,5.514339364846493e-9,5.524129905396305e-9,5.533493874853747e-9,5.549474434836412e-9,5.4774687871810536e-9,5.49139957399039e-9,5.508347679296292e-9,5.523433384555979e-9,5.529960813790075e-9,5.455318601293842e-9,5.4650121911330525e-9,5.4767126428645e-9,5.479524451701919e-9,5.48290595469531e-9,5.4082735186415316e-9,5.413331449543121e-9,5.410594297069472e-9,5.418349817538446e-9,5.42048638075218e-9,5.35260275852175e-9,5.354812523806973e-9,5.3546986187632775e-9,5.361956509091876e-9,5.3591994108826405e-9,5.283761759730017e-9,5.289327908297881e-9,5.2930331327573106e-9,5.298938334113996e-9,5.299815014186449e-9,5.224797346482016e-9,5.229990806356247e-9,5.237834012240263e-9,5.23662901000319e-9,5.240509981120452e-9,5.166975600074406e-9,5.176448390245759e-9,5.180523175635406e-9,5.1852173419400055e-9,5.188534396647859e-9,5.1259379593688e-9,5.131835463316659e-9,5.141780212265055e-9,5.154186842138608e-9,5.169964405997977e-9,5.100035917192424e-9,5.115638847962857e-9,5.131321358335555e-9,5.14977948973952e-9,5.164185533185147e-9,5.105784281415576e-9,5.128264088393471e-9,5.149607058275564e-9,5.171910158010453e-9,5.1970075276522815e-9,5.147303936438821e-9,5.182945244733113e-9,5.207893622786404e-9,5.238579429225707e-9,5.268861148613601e-9,5.2256714800325344e-9,5.253327945429002e-9,5.290696395153216e-9,5.326607224314414e-9,5.363305659066021e-9,5.311968175468101e-9,5.348923738400403e-9,5.385661610296874e-9,5.422772394922577e-9,5.453659973815991e-9,5.396039266829725e-9,5.434402617096601e-9,5.4752573378175416e-9,5.504787965936523e-9,5.535950128305862e-9,5.4771435063578056e-9,5.519569825517765e-9,5.55410787965242e-9,5.593733077430812e-9,5.636127438556476e-9,5.587307293977213e-9,5.63437762402744e-9,5.696754913545305e-9,5.761121522939343e-9,5.8192850598816995e-9,5.744430400742954e-9,5.789224976492864e-9,5.846422092722672e-9,5.913669326256813e-9,5.958497339808174e-9,5.8855701789315915e-9,5.935404914277986e-9,5.9960138413622325e-9,6.165502685647969e-9,6.21173156784158e-9,6.089436314104198e-9,6.537108989660885e-9,6.5702707877463505e-9,6.607466923383712e-9,6.653748912353784e-9,6.562819578080616e-9,6.62326600105886e-9,6.6737950144067945e-9,6.716034448214844e-9,6.765938138524305e-9,6.670984819914187e-9,6.7045743325654715e-9,6.734661441540906e-9,6.769797996810764e-9,6.781089664955175e-9,6.666638801774926e-9,6.687913037097286e-9,6.792665454982842e-9,6.894036436700702e-9,6.856405096109588e-9,6.294379216337431e-9,5.410739802006007e-9,6.555189790696621e-9,6.7055870623534715e-9,5.155342595524518e-9,5.106105701546767e-9,5.116674224223062e-9,5.14998630919161e-9,5.754559248981468e-9,5.276718754098771e-9,6.515701477231324e-9,6.624962440356548e-9,6.688724660434328e-9,5.6280955156055496e-9,6.8143657776195265e-9,6.678411645811611e-9,6.8569689332981355e-9,5.781092011256793e-9,7.125248655457395e-9,7.260461277392492e-9,7.1615617801945854e-9,6.0983803737041135e-9,7.383556782269269e-9,7.421053091609887e-9,7.46698223084722e-9,6.0519948460088116e-9,7.312565339266913e-9,7.333708655195179e-9,7.439550954201423e-9,7.543276552961166e-9,7.318891585798364e-9,7.404709112085338e-9,7.389812092820876e-9,7.379247099718225e-9,7.293495807670506e-9,6.785219321114344e-9,6.862727871980846e-9,6.982275754028714e-9,6.906965176179044e-9,7.0187233583436056e-9,6.852963992947407e-9,6.993785974317052e-9,7.136825336615269e-9,7.290103479045122e-9,7.453353451864996e-9,7.327344667720606e-9,7.54627676870593e-9,7.675106444852674e-9,7.687586513908057e-9,7.742051473189581e-9,7.381190242179936e-9,7.378119249135992e-9,7.25988753206711e-9,7.14328111967458e-9,6.969028830113074e-9,6.7731820071184754e-9,6.8340827565094855e-9,6.9138508221665415e-9,6.783477880973005e-9,6.899015673115645e-9,6.962799591853293e-9,7.160322009333593e-9,7.438493725860651e-9,7.751645581892016e-9,7.937496139929583e-9,7.83846398066149e-9,7.97421233294122e-9,8.006286375551234e-9,7.944373282666088e-9,7.912006762141648e-9,7.698410238868134e-9,7.821789886861288e-9,7.98992286525449e-9,8.186844603033926e-9,8.328341082764289e-9,8.15333454800253e-9,8.110074693074305e-9,8.092321470344128e-9,8.0106044241105e-9,7.94896067682229e-9,7.54096721302859e-9,7.563315092066255e-9,7.492057084512937e-9,7.48549996554215e-9,7.462946184200958e-9,7.1151904119732796e-9,7.068158368345409e-9,7.031200534489264e-9,7.076722676425141e-9,7.134056060533945e-9,6.784087385641855e-9,6.824382366139775e-9,6.850338148485989e-9,6.90763740014028e-9,6.773707547762837e-9,6.385137521006349e-9,6.257932934218406e-9,6.191444016267375e-9,6.08353463737956e-9,6.001435912609495e-9,6.006889361057195e-9,6.182345184519453e-9,6.3853756274264996e-9,6.629044229819785e-9,6.896922152153553e-9,6.91826955090823e-9,6.9010199400891295e-9,6.942194629739723e-9,7.003208234909826e-9,7.0827366993320335e-9,6.754156263526348e-9,6.786527776468144e-9,6.94944016265441e-9,7.155002112895249e-9,7.303081817290729e-9,7.0493765269285075e-9,7.235363461441891e-9,7.423939847305888e-9,7.249972986561677e-9,7.138236643824995e-9,6.684343026023543e-9,6.630250352428073e-9,6.499115788765643e-9,6.386364292832904e-9,6.506539689375646e-9,6.4008458353860415e-9,6.472326655333231e-9,6.558390862951752e-9,6.723366996368971e-9,6.925128532185955e-9,6.581384862425299e-9,6.675276637819567e-9,6.743003917530689e-9,6.816424618451858e-9,6.8412065943934355e-9,6.470084827700024e-9,6.5261421058997936e-9,6.602776180133429e-9,6.729702906826286e-9,6.877733558941378e-9,6.725417141487505e-9,6.896917587387119e-9,7.0205245091951195e-9,7.0857409402099575e-9,6.038934812963341e-9,6.242942420528414e-9,5.710811476483202e-9,7.066859466915531e-9,7.0379436640143745e-9,5.9974014419168726e-9,7.096093590251125e-9,6.987760926571317e-9,7.007774376630063e-9,5.942654202650146e-9,6.999550511258228e-9,6.8642838545287756e-9,6.975092980241508e-9,6.0065647789098415e-9,7.045556910322041e-9,7.080369808080534e-9,7.047292520096274e-9,6.322910181577243e-9,7.1505879870276275e-9,7.233652722353372e-9,7.327909328737499e-9,6.382925211491202e-9,7.428746844768911e-9,7.527659320319654e-9,7.793177889112183e-9,6.724221775509262e-9,7.846774747607492e-9,7.87115943671084e-9,7.838624001202103e-9,7.79880084267376e-9,7.758126257639204e-9,7.621683229547903e-9,7.57427139132348e-9,7.519066773852717e-9,7.500138098425282e-9,7.478978064861741e-9,7.35090371611948e-9,7.343374876882193e-9,7.314654094396619e-9,7.30154211932901e-9,7.289723255651367e-9,7.161455152519975e-9,7.144471453765273e-9,7.1176243855392805e-9,7.094029196640892e-9,7.0737328854986274e-9,6.922191673218306e-9,6.868652646602717e-9,6.850650276813417e-9,6.881480586991382e-9,6.8913245632734e-9,6.7809697358226495e-9,6.816774848670057e-9,6.827160819189527e-9,6.811872342539029e-9,6.800514660046055e-9,6.723041543667058e-9,5.566682258355293e-9,6.721577791566654e-9,6.71646542156438e-9,6.7167229273860766e-9,5.574351693808029e-9,6.646322061317005e-9,6.652902345403451e-9,6.684329448613108e-9,5.573082081691458e-9,6.639021929770208e-9,6.652361503680631e-9,6.671733180198358e-9,5.566857323184761e-9,6.727257971731098e-9,6.653085369672936e-9,6.71360554121819e-9,5.5103979589703185e-9,6.741576175099378e-9,6.738699301106629e-9,6.673930758295162e-9,5.645391973318144e-9,6.695830106619316e-9,6.704334582809255e-9,6.7095546075558355e-9,6.635431152744238e-9,6.621969359410211e-9,6.646257799985116e-9,6.690952668036322e-9,5.681945016372755e-9,6.6437023207007185e-9,6.659451757097616e-9,6.681128324832758e-9,5.629111026869747e-9,6.729269624762932e-9,6.6316560571054465e-9,6.688789530438033e-9,5.580115464069845e-9,6.714018136675553e-9,6.713048766248817e-9,6.641056294949948e-9,5.587340791873205e-9,6.663443574381003e-9,6.673410381677772e-9,6.678917567061092e-9,5.585496012584421e-9,6.610030843134052e-9,6.636511788907108e-9,6.6866646183947874e-9,5.667551890842304e-9,6.645936367441574e-9,6.6701424962214425e-9,6.698016741398757e-9,5.644147917255525e-9,6.762787452836101e-9,6.686889649551366e-9,6.762698763666986e-9,5.51087501545992e-9,6.809108053211696e-9,6.8175386964108935e-9,6.779057740986059e-9,5.611176816277707e-9,6.856757688032442e-9,6.872701974458437e-9,6.901517132294914e-9,6.861646483623962e-9,6.8706578726057246e-9,6.89879656258353e-9,6.9353468150637335e-9,6.9356014904611355e-9,6.7889678392965965e-9,6.75889005253741e-9,6.736492729612938e-9,6.7285982637901385e-9,6.739816961917426e-9,6.609811495260396e-9,6.6146638854114e-9,6.631196317652833e-9,6.630433302181624e-9,6.6411356658372785e-9,6.475318464673398e-9,6.495043042738998e-9,6.483657425300287e-9,6.480605834607333e-9,6.46564693297728e-9,6.2596002360852375e-9,6.183909818155654e-9,6.222934904154913e-9,6.585208503120131e-9,6.69439179388149e-9,6.33486524346162e-9,6.575041703625555e-9,6.6147293987371746e-9,6.433158508474038e-9,5.4952733358457e-9,5.188388637312347e-9,5.167965073004509e-9,5.2204663451378244e-9,5.642655354627819e-9,5.600401025038118e-9,5.527975856210167e-9,5.680232717660832e-9,6.732461307768727e-9,6.881935609309224e-9,7.02792474311189e-9,6.967061990958966e-9,7.061475746026446e-9,7.11815879703652e-9,7.22076702873177e-9,7.349062648975579e-9,7.153395337347542e-9,7.1648719427304536e-9,7.160741957340424e-9,5.987908211672391e-9,7.184260697524669e-9,6.91725901904028e-9,6.943422855123535e-9,5.7424914428846765e-9,6.9964594073370865e-9,6.996921263720286e-9,6.694755300951183e-9,5.856147823570783e-9,6.872669407552899e-9,6.966968477776743e-9,7.1033696980223e-9,5.761020573918237e-9,7.05291069203952e-9,7.136955909335761e-9,7.2117754856816904e-9,5.895208579455667e-9,7.019214844391583e-9,7.062854917216327e-9,7.141737754103658e-9,5.9569676906107635e-9,7.413414336488065e-9,7.202771783283572e-9,7.40616348195022e-9,6.359864779912505e-9,7.788087800986322e-9,7.961167399612662e-9,7.729921870399188e-9,6.673139664698927e-9,8.006386001173488e-9,8.093439866177355e-9,8.222074839395128e-9,6.826758885728641e-9,8.068088265873651e-9,8.107856344354658e-9,8.184270565092334e-9,6.866462012273261e-9,7.959462255555934e-9,8.00604101747054e-9,8.132786773108882e-9,6.8945276798287275e-9,8.31096371807098e-9,7.545705584746818e-9,7.29284605562655e-9,6.875474002793542e-9,6.779184927781695e-9,6.828784479472403e-9,6.5419380416209094e-9,6.6571267186608045e-9,6.449180965913871e-9,7.183155789670765e-9,7.113414437909132e-9,6.222543432280805e-9,7.23638227380321e-9,7.4257239954646e-9,7.599507716621297e-9,6.570488618715852e-9,7.491738916058045e-9,7.477258813150219e-9,7.493724763790935e-9,6.2902877541647356e-9,7.529269650281643e-9,7.203350944211205e-9,7.295430011617935e-9,6.172244900821499e-9,7.453108209805917e-9,7.520877377879055e-9,7.266272113959536e-9,6.168877256118367e-9,7.356782793740654e-9,7.348614393417091e-9,7.380301884859027e-9,5.9716034975461685e-9,7.093833059483473e-9,7.092836683344838e-9,7.186202586153527e-9,5.9500218228280515e-9,7.032589265313884e-9,7.077127503708769e-9,7.152631440346887e-9,5.957177895362927e-9,7.394489789493827e-9,7.2103423882023494e-9,7.4240252567536516e-9,6.337957053977368e-9,7.805386244103596e-9,7.98321010032987e-9,7.569909867203889e-9,6.582590785950473e-9,7.384862359403536e-9,7.255474575495198e-9,7.1767364593322234e-9,5.885767823212964e-9,6.914796338095016e-9,6.865048569710078e-9,6.8623559795289704e-9,5.677030667833532e-9,6.543572564518109e-9,6.4766304285282156e-9,6.513350769491294e-9,6.537048288185048e-9,6.530051821357497e-9,6.151832372971088e-9,6.120896698706322e-9,6.199484246231957e-9,6.3851087096290975e-9,6.568831241838215e-9,6.353294151394735e-9,6.5361302388885795e-9,6.566318144076494e-9,6.682110795772439e-9,6.7748388109247424e-9,6.5875173545103644e-9,6.638006252845628e-9,6.711133697231517e-9,6.702613284731503e-9,5.633394374710078e-9,5.38741301675676e-9,5.456694794195334e-9,5.733958071212285e-9,5.386200445269789e-9,5.51676683110453e-9,6.844693712237308e-9,6.996781056271611e-9,5.864911615666663e-9,7.270848837883071e-9,7.363525831937809e-9,7.327819672553851e-9,6.100473248037651e-9,7.399554359461106e-9,7.431880535284271e-9,7.46344516554487e-9,6.2289185275174e-9,7.463047977011608e-9,7.49432186443028e-9,7.562153289842753e-9,6.326221774867968e-9,7.57793434846953e-9,7.623449581733955e-9,7.669073151348409e-9,6.410089507279781e-9,7.725925559212823e-9,7.612018565110883e-9,7.621596618934263e-9,7.652990012389934e-9,7.652777163880493e-9,7.673004834781464e-9,7.585928825809026e-9,7.623006981812812e-9,7.644166707745854e-9,7.666206930491137e-9,7.691799000883325e-9,7.634548918755826e-9,7.659556418042683e-9,7.637507951028346e-9,7.618416377988371e-9,7.611740011593345e-9,7.49540998365844e-9,7.466803888122995e-9,7.4376423542683854e-9,7.411756448038791e-9,7.3822165158090054e-9,7.247423274027928e-9,7.2268800210263726e-9,7.204265033256712e-9,7.1810956762113185e-9,7.168707720887249e-9,7.0449581756837184e-9,7.045533760696782e-9,7.031235764175374e-9,7.023183340206363e-9,7.017570309020114e-9,6.912318748699135e-9,6.899263462558878e-9,6.898685329327197e-9,6.897336176694956e-9,6.899344836364149e-9,6.781768371328737e-9,6.792374135406522e-9,6.79894516370434e-9,6.819531014979768e-9,6.827230651195192e-9,6.717201478001806e-9,6.733137977087889e-9,6.755676700061602e-9,6.765736654103862e-9,6.7817395762392175e-9,6.672947273134594e-9,6.696550270566749e-9,6.709007587548806e-9,6.730190382390361e-9,6.75921736088802e-9,6.66493421175347e-9,6.674276016961718e-9,6.689753375514694e-9,6.70835260601302e-9,6.737795011993692e-9,6.623639731296123e-9,6.637358041460557e-9,6.650300309919948e-9,6.664889005371239e-9,6.652270226350173e-9,6.506909005782435e-9,6.476179835415977e-9,6.526169294836114e-9,6.611900136021748e-9,6.691626097913496e-9,6.637972737324094e-9,6.716009202145377e-9,6.76866655819328e-9,6.825465405744648e-9,6.884402179668115e-9,6.846037638112205e-9,6.895431269915269e-9,6.881021392502282e-9,6.881399677445022e-9,6.897866416927901e-9,6.782073179387577e-9,6.779071349107012e-9,6.77466874417161e-9,6.778196262734851e-9,6.772146453456709e-9,6.654948284247001e-9,6.6622498252582005e-9,6.7122603486184515e-9,6.7417155514429e-9,6.775374865239108e-9,6.694794597755338e-9,6.737145708061755e-9,6.762517981788311e-9,6.797342206029428e-9,6.834366076660207e-9,6.76589180775852e-9,6.7831022414006806e-9,6.775299386018618e-9,6.792562775246329e-9,6.8080231351522656e-9,6.702397283502153e-9,6.701643277430364e-9,6.7024455896122485e-9,6.706978162621973e-9,6.691203369681118e-9,6.542443632713308e-9,6.510016987772486e-9,6.564140567996746e-9,6.6605406214045375e-9,6.740048386615642e-9,6.689642917304178e-9,6.780180902239537e-9,6.826575908292101e-9,6.876302101056788e-9,6.932318960064699e-9,6.8860270168197e-9,6.940217331625728e-9,6.922873666310308e-9,6.9121526319287266e-9,6.9050648827078675e-9,6.7601181950472894e-9,6.695966725677498e-9,6.621579039327319e-9,6.1191269976805285e-9,6.493744559135165e-9,6.220565873027078e-9,6.0247762168349725e-9,5.9588514642891766e-9,6.174704384884911e-9,6.277253393461078e-9,5.177842539183712e-9,5.176158524117756e-9,5.2075264270359035e-9,5.276211261980238e-9,6.015575519224029e-9,5.654584844608436e-9,6.563786599842769e-9,6.63133197161605e-9,6.676553429848888e-9,5.6976524701366615e-9,6.590121096490152e-9,6.598473208032411e-9,6.603493311439954e-9,5.613512590280234e-9,6.637439216370547e-9,6.374214563081239e-9,6.364487546941246e-9,5.203360445503519e-9,6.362905038322598e-9,6.381020232696343e-9,6.157086446345032e-9,5.3731212838673395e-9,6.24014995304603e-9,6.2571788087205815e-9,6.332915679374414e-9,5.141204127688777e-9,6.220891439088041e-9,6.295096805731884e-9,6.388039000197696e-9,5.396753460824411e-9,6.311705233379354e-9,6.3757350664860465e-9,6.4538726978162715e-9,5.544029536102415e-9,6.6417794613702915e-9,6.387893013437863e-9,6.432766759900784e-9,5.632777694678901e-9,6.522879736227038e-9,6.53038775302583e-9,6.2093532055142685e-9,5.638440330893921e-9,6.329184773561191e-9,6.346738313875981e-9,6.407723498727811e-9,5.516721630177032e-9,6.402107495520712e-9,5.933012079477794e-9,5.9828952402336524e-9,6.134131385663123e-9,6.135776432151405e-9,6.191893191485412e-9,6.385740515518102e-9,6.388093592334746e-9,6.318367105237157e-9,6.433395837256022e-9,6.956902920085521e-9,7.407389299840637e-9,7.558457828890228e-9,7.701867799185096e-9,7.176018538948678e-9,7.809713693034919e-9,7.83389513693304e-9,9.277874082698086e-9,1.0259364238021856e-8,6.3393563365487446e-9,6.911978846478469e-9,7.015283336790839e-9,6.9765460696834826e-9,6.2591379536047275e-9,6.7110086572567694e-9,6.7981636898127694e-9,7.0749817251139855e-9,6.236916667312588e-9,7.182105616587789e-9,6.7012528740436674e-9,6.887884498139047e-9,6.400679222069846e-9,6.5223723423184245e-9,6.633206776605104e-9,5.978240753009252e-9,6.087179771675929e-9,6.523041276606184e-9,6.375632345390701e-9,6.5357836081767484e-9,6.514852827310587e-9,6.371614058129307e-9,6.393465221470658e-9,6.437735371894217e-9,6.57832567178397e-9,6.361179415395063e-9,6.4053746520129684e-9,6.446585843424094e-9,6.532633958789419e-9,6.460375904428932e-9,6.311309537547929e-9,6.308998456025424e-9,6.4409682919093955e-9,6.312456159709207e-9,6.322638411292215e-9,6.161368756964967e-9,6.288148040680771e-9,6.115965233243522e-9,6.99666293223496e-9,7.024314308975742e-9,5.922748109116819e-9,6.804911021082142e-9,6.804353370400537e-9,6.817482113444963e-9,5.828399703627127e-9,6.5039125652308974e-9,6.4935613299495275e-9,6.532707989148493e-9,5.56569912841266e-9,6.5970537788443215e-9,6.315025261553206e-9,6.384471003427197e-9,5.405554406843784e-9,6.445624694929996e-9,6.455850351831832e-9,6.227948624672969e-9,5.242899859083279e-9,6.3390366703996775e-9,6.374062542589225e-9,6.424416983748648e-9,5.223846543131159e-9,6.382794416852267e-9,6.430733857501268e-9,6.554576926320388e-9,5.6167417787769695e-9,6.556586612208353e-9,6.582033891613265e-9,6.664119286718903e-9,5.931233126804814e-9,6.7836147953172555e-9,6.605553324267882e-9,6.613635039184601e-9,5.904432395234207e-9,6.682733370950842e-9,6.522172393289007e-9,6.400231793940075e-9,5.895772962741018e-9,5.895083968057093e-9,6.741508476179565e-9,6.846456216582442e-9,5.892191818417399e-9,6.860697902413141e-9,6.855518749506446e-9,6.881178631409391e-9,6.02076309031955e-9,6.776983423003433e-9,6.7896475735454555e-9,6.8427560328650144e-9,6.063064396482578e-9,6.876190794041323e-9,6.854637228543825e-9,6.902098644934103e-9,6.096532573558546e-9,6.950421316392001e-9,6.9850002651136124e-9,6.9771729014797325e-9,6.2561578407171754e-9,6.923096531179286e-9,6.891355535756501e-9,6.864709868314187e-9,5.970256407885242e-9,6.705264129440242e-9,6.648788123280872e-9,6.609031447819329e-9,5.756592798281288e-9,6.442187203961741e-9,6.39564671359269e-9,6.369520880603723e-9,5.621373656987331e-9,6.293385416128038e-9,6.272295693226529e-9,6.300121524914739e-9,5.605187301344929e-9,6.297342004125626e-9,6.323050881989571e-9,6.3354338327283616e-9,5.7706378450365064e-9,6.3663895819385434e-9,6.4138186022366505e-9,6.481259290927688e-9,5.751378549339402e-9,6.534645917114127e-9,6.5869874225243256e-9,6.663006219813972e-9,5.817008009959947e-9,6.6257695449743825e-9,6.629682132125867e-9,6.680646846318596e-9,5.74067842966065e-9,6.763813369294998e-9,6.655375080924417e-9,6.8482090945627516e-9,5.762353962545772e-9,6.846397467149104e-9,6.845406650494458e-9,6.785442403625165e-9,5.8723140928339975e-9,6.783051238642378e-9,6.7876482765957514e-9,6.8000363574857485e-9,6.7546677265703795e-9,6.756077731327923e-9,6.788320137629671e-9,6.817973391294685e-9,6.839623758088788e-9,6.787422507368694e-9,6.823118216573825e-9,6.853787532440293e-9,5.935858592497115e-9,6.906464902961044e-9,6.8856307835732e-9,6.940452702781737e-9,5.811374054573241e-9,6.897513832164844e-9,6.8496409949323126e-9,6.310669012387178e-9,5.253138029927883e-9,6.102233902032395e-9,6.096515781197e-9,6.1371832334498864e-9,5.32712885024723e-9,6.112804213993554e-9,6.141966896060972e-9,6.181461109674887e-9,5.371398083707963e-9,6.302149090859148e-9,6.188919048124613e-9,6.245955718652475e-9,5.348801537080844e-9,6.309605414500135e-9,6.318874556980219e-9,6.228434043088664e-9,5.376628368621247e-9,6.27135533851603e-9,6.2764122550062254e-9,6.286984871431642e-9,5.385558300910646e-9,6.215756822425359e-9,6.2400645062418626e-9,6.281397188938381e-9,5.407280667969497e-9,6.21468430566854e-9,6.237110549990401e-9,6.2648862181772215e-9,5.392330874101846e-9,6.3284112146215514e-9,6.195325675542787e-9,6.247587474700631e-9,5.385219283950519e-9,6.279623703359685e-9,6.2818643539227885e-9,6.1951595339357925e-9,5.413737712999989e-9,6.23860525817553e-9,6.254797689146259e-9,6.288416407375526e-9,5.40602059431095e-9,6.246658485074133e-9,6.290968013160059e-9,6.352315727321279e-9,5.471659981804108e-9,6.323484141171974e-9,6.360155834290005e-9,6.406320533534111e-9,5.491365476361653e-9,6.50308396060268e-9,6.3805804946158264e-9,6.438259413160886e-9,5.518015507587799e-9,6.472687192002317e-9,6.476603726481622e-9,6.3791036561762445e-9,5.5113465378885085e-9,6.39019590836932e-9,6.386809304524367e-9,6.3989674929409196e-9,5.499255578457349e-9,6.305283624828427e-9,6.286855694157662e-9,6.291992183174005e-9,5.42481992509839e-9,6.153017942379265e-9,6.126928398081106e-9,6.115056477288976e-9,5.27923444134868e-9,6.030456623215603e-9,5.8646646588116454e-9,5.828201905504598e-9,5.0876782365273394e-9,5.7132634260807376e-9,5.639374172438652e-9,5.478542640665336e-9,4.971322960049332e-9,5.325197743646152e-9,5.2809703767525785e-9,4.791532416999791e-9,4.781146981545495e-9,4.998110652264791e-9,5.026293612781351e-9,5.112660680961222e-9,4.778634047801059e-9,5.15609351803405e-9,5.246250069650283e-9,5.37858006899147e-9,4.9526022230317725e-9,5.580910632232815e-9,5.416700609803057e-9,5.579122484074319e-9,5.111299655424085e-9,5.6071999082026995e-9,5.006407726217389e-9,4.899796006233062e-9,5.044208034332819e-9,5.210696175967222e-9,5.26160278509657e-9,5.32220909494792e-9,4.908286169275798e-9,4.863169652462047e-9,4.91914071682865e-9,5.127931270043318e-9,5.280096157085924e-9,5.2734926217770915e-9,5.26207926099536e-9,5.945704484979e-9,5.910204247641562e-9,7.755868504909637e-9,7.08312594114291e-9,7.154246460585684e-9,5.980068316474857e-9,7.4356514964883264e-9,7.542367889991539e-9,7.357751872180375e-9,6.064445442680631e-9,7.524827608271579e-9,7.58390839180626e-9,7.635037988584968e-9,6.254502654889289e-9,7.654697039883746e-9,7.677343668298356e-9,7.71406246371255e-9,6.370569921269624e-9,7.501808649226412e-9,7.511815962561364e-9,7.481278667915833e-9,6.147902642944743e-9,7.413450182457845e-9,6.990645474874638e-9,6.882897896622076e-9,6.030176984626306e-9,7.1668319844654455e-9,7.3291684827661e-9,7.033717219142891e-9,6.2483354801750435e-9,7.359738173753002e-9,7.47068653290824e-9,7.555922729008428e-9,6.321841247330976e-9,7.42498669209456e-9,7.526742204916216e-9,7.4468310644054235e-9,6.185923269970578e-9,5.911579944990306e-9,5.912407469902527e-9,6.209813926471344e-9,5.9756914744040665e-9,6.3634335312555485e-9,6.0650704613495965e-9,6.132860111555372e-9,6.28315443909453e-9,7.272806167159602e-9,7.341896054574047e-9,7.0922127125812946e-9,6.235020473095379e-9,7.0348416459803735e-9,6.9216547215113395e-9,6.847229715402209e-9,5.435698927824111e-9,6.387056871397389e-9,6.310615089847004e-9,6.358091123617248e-9,5.2772355357861995e-9,6.1878535879862656e-9,6.2124999108441775e-9,6.24260354895077e-9,5.206113864119879e-9,6.334230585868711e-9,6.075705378314434e-9,6.117869389617423e-9,5.15789110470779e-9,6.169447273163024e-9,6.183752702783469e-9,5.949322958989971e-9,5.305713132707349e-9,6.007955192874784e-9,6.020878988033273e-9,6.07606370185051e-9,5.07082063760678e-9,5.871736975503529e-9,5.845385611308407e-9,5.849746974167533e-9,5.0693043991901075e-9,5.620971141147456e-9,5.5791335184219535e-9,5.605109548140432e-9,5.17688720581378e-9,5.59630459328601e-9,5.441220339074111e-9,5.520017780145435e-9,5.1300504172046816e-9,5.311382144206586e-9,5.259805733610404e-9,5.011545051518281e-9,4.668516822466109e-9,4.774707235400232e-9,4.5024487650874546e-9,4.426694067129111e-9,4.571296036200616e-9,4.450315088992839e-9,4.459947719832853e-9,5.2984473464885604e-9,4.484756561852625e-9,5.140612909625687e-9,5.356033441286719e-9,5.633077752521795e-9,5.130142124857732e-9,5.997717376256844e-9,6.083226036747656e-9,6.195190099178874e-9,5.372808468956896e-9,6.320713109543916e-9,6.3897859639578705e-9,6.393173363963763e-9,5.679073014455205e-9,6.456217231007707e-9,6.482160356878305e-9,6.500394357279586e-9,5.581285417568733e-9,6.437782454294987e-9,6.438910337043092e-9,6.445394400061432e-9,5.514614516389612e-9,6.3937149445466896e-9,6.401676468570078e-9,6.409097393630952e-9,5.507517291505069e-9,6.412282597972308e-9,6.366768371072547e-9,6.375871878090599e-9,5.505177928404364e-9,6.397250418097085e-9,6.415513826641704e-9,6.359836527210117e-9,5.627079384876477e-9,6.368665796284733e-9,6.382134630109118e-9,6.3965547313312884e-9,5.504679957986364e-9,6.3413055436732406e-9,6.3478567100469264e-9,6.36169441064681e-9,5.459747644413896e-9,6.312170211784295e-9,6.3217569624986045e-9,6.329392315111641e-9,5.456573618534876e-9,6.338395009174381e-9,6.287930281492129e-9,6.29892077440592e-9,5.456554318673689e-9,6.3163662370260594e-9,6.3350374832573835e-9,6.278574004671902e-9,5.561332856112018e-9,6.2822262781407735e-9,6.300171047100804e-9,6.3175520070570056e-9,5.439995626329367e-9,6.257886503842769e-9,6.2657866449874645e-9,6.277554391546413e-9,5.382618517676822e-9,6.213902988186163e-9,6.216471346663582e-9,6.218011537525383e-9,5.359410962850317e-9,6.212117377156554e-9,6.1503914909576945e-9,6.155547926384091e-9,5.323884032954136e-9,6.144650791573558e-9,6.1558944240406794e-9,6.09317995770071e-9,5.392522886019371e-9,6.079491280859584e-9,6.09058328284066e-9,6.099448620000466e-9,5.271019541088097e-9,6.041122676078706e-9,6.046270882716649e-9,6.057043202560605e-9,5.225619467441818e-9,6.006344997169047e-9,6.015131732797839e-9,6.025922675648343e-9,5.208438785038779e-9,6.019626649423503e-9,5.971525507437525e-9,5.986996775225931e-9,5.201306622053694e-9,5.998276004028858e-9,6.021792055883555e-9,5.962722703610183e-9,5.311162931761612e-9,5.96716028764249e-9,5.987024632036699e-9,6.008229181277363e-9,5.184275384295992e-9,5.948821441298663e-9,5.959818532624338e-9,5.9838120505852035e-9,5.184449889807859e-9,5.929694801183908e-9,5.93840009095767e-9,5.958521606095967e-9,5.1832969474365155e-9,5.974577454475043e-9,5.914750021325606e-9,5.9345343399654e-9,5.179794348755947e-9,5.9529475217890245e-9,5.969108639321192e-9,5.9104857785472104e-9,5.278941351630167e-9,5.917237650560436e-9,5.92836767343501e-9,5.950022631261798e-9,5.142098123303029e-9,5.895028972214603e-9,5.904817696823872e-9,5.916436628383295e-9,5.12743857568977e-9,5.863247304806476e-9,5.872082774534419e-9,5.8861594559260535e-9,5.111333639713509e-9,5.884375959164471e-9,5.833732940709717e-9,5.848388237903282e-9,5.096640593113881e-9,5.8609709876457145e-9,5.8811469819220856e-9,5.824561871877514e-9,5.208314387020347e-9,5.845882753491101e-9,5.870108377252214e-9,5.899084178681088e-9,5.093094102543776e-9,5.8391998597885595e-9,5.854016945706797e-9,5.88016614688274e-9,5.097698791253729e-9,5.821672178590996e-9,5.841400095564086e-9,5.86357908416961e-9,5.105536736008882e-9,5.880116309317603e-9,5.815979848101056e-9,5.83078073954964e-9,5.098975292129357e-9,5.8260432882044765e-9,5.837709284148891e-9,5.763047347089847e-9,5.187251836907991e-9,5.73945794489305e-9,5.744196355088455e-9,5.75524833679801e-9,5.020655000137907e-9,5.6465301716254336e-9,5.684145178269662e-9,5.6953063646005236e-9,5.066095802474367e-9,5.386740020933953e-9,5.433545565588057e-9,4.6660381619210614e-9,4.6826071971743404e-9,5.318045722869734e-9,5.049769763957876e-9,5.190249216800815e-9,4.890924722979821e-9,5.043702687392883e-9,4.97059812126055e-9,4.915624378789555e-9,4.915084232679766e-9,5.28689934993188e-9,5.386447386629752e-9,5.495428751525767e-9,4.919482079709479e-9,5.4761652849739964e-9,5.5402388139280724e-9,5.634875400320604e-9,5.1305455341862395e-9,5.640380754578922e-9,5.700313271497699e-9,5.775450210913517e-9,5.232394566921028e-9,5.864906032207883e-9,5.767273265346761e-9,5.81918808781082e-9,5.256446856236401e-9,5.893520399606264e-9,5.934840695852365e-9,5.822037351234127e-9,5.422907495390748e-9,5.93074782199458e-9,5.998345582590541e-9,6.114441069282528e-9,5.385582305020264e-9,6.164753540324071e-9,6.263713753563667e-9,6.367225320641345e-9,5.60671027929029e-9,6.418232326552489e-9,6.4980386735681405e-9,6.596202003510324e-9,5.6988424999397115e-9,6.851443171383642e-9,6.836323748001059e-9,6.973318730278243e-9,6.056138079332331e-9,7.300811555468525e-9,7.46762922977244e-9,7.209587687684175e-9,6.360338909084482e-9,7.212848879923365e-9,7.2003307630462566e-9,7.2244325700784516e-9,5.956020014971731e-9,7.063975091423609e-9,7.1343366964879e-9,7.247136287216389e-9,6.153006401723159e-9,7.149549059494522e-9,7.223921903387744e-9,7.370391346353403e-9,6.323781613682301e-9,7.669322240647094e-9,7.451321105862376e-9,7.599544251666264e-9,6.5536940560606725e-9,7.703255311018277e-9,7.632122686930865e-9,7.235934214244533e-9,6.4159662782821945e-9,7.168857837135697e-9,7.094650818714488e-9,7.164607984508316e-9,5.917256398209885e-9,6.957264662378963e-9,7.018972410485223e-9,7.108925086901913e-9,5.993069515785473e-9,6.9652976138050195e-9,7.075962238827697e-9,7.21418212100331e-9,6.184289442510215e-9,7.543140322640357e-9,7.209121091354726e-9,7.178196560283685e-9,6.03528059708652e-9,7.162837717564779e-9,7.11276793801632e-9,6.764427552938506e-9,6.060003101639246e-9,6.789332331654346e-9,6.742662900952713e-9,6.7167682132820925e-9,5.5443552719687985e-9,6.443453275708424e-9,6.3004895876056555e-9,6.3143708277154245e-9,5.447077385422148e-9,6.080754479392426e-9,5.99975300569538e-9,5.926523832194322e-9,5.282193523801797e-9,5.8684609395885e-9,5.631728682067869e-9,5.6731733304234e-9,5.326182100947209e-9,5.770968316118391e-9,5.810250614164231e-9,5.566993148237609e-9,5.326373826764232e-9,5.456755677934857e-9,5.4500008840135264e-9,5.4017067457639495e-9,4.969860650618782e-9,5.08492197015167e-9,4.985806173026938e-9,4.8149994570625486e-9,4.817000905982774e-9,4.897976783722232e-9,4.699243483771762e-9,4.872698107323435e-9,5.334655937690578e-9,5.099079761739073e-9,4.753175924753516e-9,5.6024641813231835e-9,5.483781001136172e-9,6.414964506758964e-9,6.546554117135684e-9,5.929727562930387e-9,5.530570380504156e-9,6.167051103401639e-9,6.304569489054542e-9,6.431902445975434e-9,5.669469765769865e-9,6.580067503514259e-9,6.657319965247597e-9,6.725233264767758e-9,5.803742089415416e-9,6.737316364988667e-9,6.758579295559917e-9,6.775887472478026e-9,5.8285651208644174e-9,6.7508112727366545e-9,6.698105675664623e-9,6.7105261608908105e-9,5.821823429573802e-9,6.744075641292474e-9,6.775733758845108e-9,6.74588520758418e-9,5.984618200979241e-9,6.825906584353387e-9,6.897456403166835e-9,6.8936694513066195e-9,5.882392348607889e-9,6.64438754821571e-9,6.715453643395614e-9,6.7917415097949195e-9,5.544941524107534e-9,5.52520716529457e-9,5.493047752059358e-9,5.474249645707744e-9,5.161297105758817e-9,4.853899018977039e-9,4.894056440150863e-9,4.8937861832080205e-9,5.498410633736683e-9,4.86897092464784e-9,4.898988947610627e-9,4.851998111033685e-9,5.878992106689251e-9,5.195395501513158e-9,5.453466206792545e-9,5.996323813095174e-9,4.972351789914232e-9,6.000493487990971e-9,6.252614689333072e-9,6.3546053045065226e-9,5.245917853466199e-9,6.413741104822381e-9,6.4764651580513755e-9,6.517795489419267e-9,5.3573416714245024e-9,6.540619372914753e-9,6.499315687651241e-9,6.5070395119273565e-9,5.350469849481048e-9,6.475884843144413e-9,6.4745944132797294e-9,6.385794665902511e-9,5.2702575366949856e-9,6.331627681345483e-9,6.324613087514443e-9,6.296161560280292e-9,5.1269412654245565e-9,6.093092771456704e-9,6.11326524714727e-9,6.160725515418579e-9,5.235405570547703e-9,5.281842513571329e-9,6.257431949149318e-9,6.305388637197337e-9,5.480440585584932e-9,6.41460342531636e-9,6.39970569648926e-9,6.486329586271843e-9,5.671339408864796e-9,6.61607833705294e-9,6.689423109779264e-9,6.6435767401885425e-9,5.929084444796661e-9,6.699113072872346e-9,6.713918617615672e-9,6.7446700825940545e-9,5.738107228378836e-9,6.637830142571727e-9,6.628691959645544e-9,6.636397285678949e-9,5.691714121779032e-9,6.483322287747127e-9,6.476394095223829e-9,6.481744656678223e-9,5.596575196698268e-9,6.437477420759785e-9,6.321255486117406e-9,6.319558441069517e-9,5.484777163194194e-9,6.284769164836288e-9,6.265995470627301e-9,6.162179074780914e-9,5.4870908378527516e-9,6.1022692056623445e-9,6.078781399788279e-9,6.071350874439717e-9,5.246783300043236e-9,5.9411540697491195e-9,5.915910849396997e-9,5.90467436433681e-9,5.148920457482285e-9,5.7802930572405975e-9,5.754362203074416e-9,5.750876762119979e-9,5.070109215292141e-9,5.706882370537456e-9,5.660905422152161e-9,5.675021317154965e-9,5.03790908718944e-9,5.694601498255573e-9,5.737438893323186e-9,5.748644072211977e-9,5.224814237666924e-9,5.817574220246047e-9,5.873323591303928e-9,5.947882961164493e-9,5.204294847843379e-9,5.9694606511250095e-9,6.011811575690653e-9,6.0695818483343385e-9,5.313756233444974e-9,6.03968955777215e-9,6.064419195523266e-9,6.0939371998510625e-9,5.332515429468377e-9,6.112109304109149e-9,6.050626435347589e-9,6.084741962226132e-9,5.316259866535885e-9,6.106846258506313e-9,6.115312986190773e-9,6.048193952062079e-9,5.426430726537165e-9,6.02937647552788e-9,6.017664555173106e-9,6.031384736937682e-9,5.215184472059184e-9,5.903667941191149e-9,5.880564791977157e-9,5.8864473197756774e-9,5.152280362490088e-9,5.7646005795578135e-9,5.753587233971516e-9,5.769459654018407e-9,5.128168492171332e-9,5.774129902332151e-9,5.743953701977703e-9,5.792389712132811e-9,5.18523595215392e-9,5.831063144762984e-9,5.83330165278896e-9,5.216753351507509e-9,4.902209775985123e-9,5.654900271299602e-9,5.665859048861055e-9,5.720475445053476e-9,5.17736276790938e-9,5.883519456027779e-9,5.987769485225298e-9,6.118190242627563e-9,5.562079552643873e-9,6.133723568191102e-9,6.152271823482495e-9,6.283788350407826e-9,5.6967616256862855e-9,6.62337929563012e-9,6.531554367196433e-9,6.73264662970168e-9,5.836097077492564e-9,6.78581294787444e-9,6.712987096049438e-9,6.497655326992333e-9,5.823624105418219e-9,6.430543300803859e-9,6.363433001382969e-9,6.436740860819823e-9,5.531235543661912e-9,6.351300767011455e-9,6.394814080806562e-9,6.53310738497019e-9,5.730682989469713e-9,6.541127652347519e-9,6.661795302355734e-9,6.818983860920603e-9,5.905190802229636e-9,7.085026193440344e-9,6.830610469926823e-9,7.107571058606195e-9,6.23093092930592e-9,7.682239407202709e-9,7.952979923951328e-9,7.91131888007258e-9,6.9640370784020534e-9,8.335822718193488e-9,8.335985447634562e-9,8.347906524094262e-9,6.918263626938337e-9,8.08291410931059e-9,8.121617442532676e-9,8.168592501189245e-9,8.236565648929608e-9,7.822847359567062e-9,7.874298706632722e-9,7.792284305751416e-9,7.696570727314655e-9,7.587301941930545e-9,7.082291929836473e-9,7.145331125824857e-9,7.204760522412704e-9,7.165537799040634e-9,7.3108867285798995e-9,7.028830612613059e-9,7.207691077132855e-9,7.349810258281393e-9,7.502867315226316e-9,7.662250585504004e-9,7.452850276338683e-9,7.537270594858752e-9,7.451336148502855e-9,7.281133380409645e-9,7.083622155141004e-9,6.376455837962035e-9,6.118859278038383e-9,6.075896601161379e-9,6.087459469093632e-9,6.0699505904247226e-9,5.819869039752897e-9,5.750020457171864e-9,5.705856722587605e-9,5.7364709487243084e-9,5.665718699774685e-9,5.5602755766077955e-9,5.476043238753778e-9,5.374928242924348e-9,5.285137123792907e-9,5.209182625464142e-9,5.120431003694448e-9,5.0595221795313944e-9,4.991892633483261e-9,4.933838568386579e-9,4.8925204520223165e-9,4.866438952094308e-9,4.8375339599449646e-9,4.8070378395771265e-9,4.785533808470703e-9,4.783212028385043e-9,4.8043647704189195e-9,4.816482077644504e-9,4.823221652614782e-9,4.844860701575922e-9,4.8854764310610175e-9,4.929024135088246e-9,4.967665839208634e-9,4.9843331757230486e-9,4.993864771932615e-9,5.013457655483567e-9,4.982585231177749e-9,4.968792891207481e-9,4.933980543249475e-9,4.942100996968077e-9,4.965440110658416e-9,4.878270651882712e-9,4.887823890926047e-9,5.206264403421637e-9,5.879146943454269e-9,6.087032613929638e-9,5.203033543752964e-9,5.1097205058976565e-9,5.369287558558404e-9,5.085416879126562e-9,5.222765373051771e-9,5.283014644185497e-9,5.219392815049147e-9,5.371317175759288e-9,5.365754471188981e-9,5.696487386957347e-9,6.824033925728146e-9,7.025504058473687e-9,7.12385639893882e-9,7.181535582071155e-9,7.243671625715305e-9,7.13631865027087e-9,7.1810106151867846e-9,7.2181638283754215e-9,7.264402964699481e-9,7.304803720438521e-9,7.172592290634173e-9,7.21999941535089e-9,7.279977608972546e-9,7.329683828377493e-9,7.366451131869849e-9,7.203227701659347e-9,7.23341325205979e-9,7.236013128408529e-9,7.2510318699850915e-9,7.27227571874191e-9,7.114712932442678e-9,7.1361465513487955e-9,7.157961854261122e-9,7.189078551642339e-9,7.234705829717559e-9,7.068695471989501e-9,7.1014726811947175e-9,7.134692055666349e-9,7.164994337660678e-9,7.185733770517086e-9,7.024482600226817e-9,7.054436072044055e-9,7.084154032571428e-9,7.101984178408779e-9,7.128751032030649e-9,6.965869776830892e-9,6.994835949737424e-9,7.004951196259815e-9,7.014287939126612e-9,7.03493375213035e-9,6.880163014021944e-9,6.881340211435156e-9,6.892609852986319e-9,6.911170816329989e-9,6.944009477889206e-9,6.757490388708892e-9,6.78285058685708e-9,6.397805970628064e-9,6.404570879997253e-9,6.2622916573222404e-9,6.070889773216873e-9,6.044509603100412e-9,6.027179282790045e-9,5.990428524227498e-9,5.966795629608183e-9,5.838611110771831e-9,5.852941491247566e-9,5.841352216879051e-9,5.834134570794922e-9,5.83459231117829e-9,5.7006561571897245e-9,5.687139911082496e-9,5.665988512874617e-9,5.655416699992233e-9,5.664243656559027e-9,5.501678361222203e-9,5.492220907906718e-9,5.480092815232496e-9,5.4724719605461144e-9,5.45836414547169e-9,5.312647601018282e-9,5.3097762470651846e-9,5.293874424494145e-9,5.275013896503907e-9,5.274793332726176e-9,5.151317749936922e-9,5.154377617096203e-9,5.1422668306093674e-9,5.1365381495407915e-9,5.142603182972076e-9,5.039852712888606e-9,5.033458018579516e-9,5.0343420032925416e-9,5.0345811177084485e-9,5.04069779555056e-9,4.939339064110828e-9,4.93469123506013e-9,4.940990133055388e-9,4.949638709501971e-9,4.9558272675247785e-9,4.868661139955317e-9,4.8690119234484e-9,4.88069493132112e-9,4.876441650736172e-9,4.889729856798908e-9,4.815705252709015e-9,4.8163391889765954e-9,4.8158828086901666e-9,4.8223280612631555e-9,4.836384098953394e-9,4.777606672342133e-9,4.780149362994298e-9,4.77963784621187e-9,4.792668644233497e-9,4.818084111269621e-9,4.756896537063854e-9,4.764133472837039e-9,4.765482937532574e-9,4.7830979236328085e-9,4.79917417552477e-9,4.7438376374853865e-9,4.751304412439775e-9,4.760704959898462e-9,4.7679202606473864e-9,4.7886126313495725e-9,4.7394019503071795e-9,4.752115799223239e-9,4.752632043523724e-9,4.767006149978624e-9,4.791951486883327e-9,4.743230739046358e-9,4.751767333010313e-9,4.75537711125843e-9,4.770851696738076e-9,4.804019323261743e-9,4.745509526686913e-9,4.7543760536936235e-9,4.760664241848259e-9,4.784943842136761e-9,4.8041144553760234e-9,4.75036476537283e-9,4.764129351050685e-9,4.777288531284758e-9,4.7890434692621625e-9,4.816379776741872e-9,4.7644609550281516e-9,4.7815991948108825e-9,4.785490723493718e-9,4.802175297955275e-9,4.829611212731175e-9,4.781735424238446e-9,4.790333776288313e-9,4.799994676174334e-9,4.821769455719127e-9,4.862343863815396e-9,4.804528363498205e-9,4.8165504399087895e-9,4.831869879596737e-9,4.859318549628301e-9,4.877253237990278e-9,4.809199665086453e-9,4.818947654829259e-9,4.838944547155142e-9,4.844240721676254e-9,4.859748561278312e-9,4.80179855423277e-9,4.831966627439988e-9,4.857658046224132e-9,4.867223286606323e-9,4.9153867294386356e-9,4.833311568308182e-9,4.880567442429979e-9,4.936746179772906e-9,4.54694584093348e-9,5.067405817335119e-9,4.789426489789199e-9,4.774590247597639e-9,4.769591065288196e-9,4.772652476366785e-9,4.818000153341543e-9,4.801217183606355e-9,4.84412002802563e-9,4.885000783138156e-9,4.9170957442840895e-9,4.971866166562529e-9,4.80400791583442e-9,4.6887974383215884e-9,4.573317576258287e-9,4.469525614114665e-9,4.381960239624864e-9,4.315428260035275e-9,4.439960597668271e-9,4.5474243418239555e-9,4.668050483265486e-9,4.811569952933864e-9,4.943952888949353e-9,5.105392111541831e-9,5.1522540842750214e-9,5.202198667039457e-9,5.26458630857134e-9,5.287108406546312e-9,5.357114215773568e-9,5.428341651878912e-9,5.370298572595897e-9,5.325527314734314e-9,5.265667188052792e-9,5.239754645537562e-9,5.196530169258178e-9,5.151508849942214e-9,5.249569661359272e-9,5.33902525053074e-9,5.441204454889647e-9,5.5644663681571405e-9,5.712920089642513e-9,5.900794114248864e-9,5.87895045265102e-9,5.919485190357412e-9,5.945737435302389e-9,5.9758122194898606e-9,6.014158804396309e-9,6.015840704185467e-9,6.131352992398171e-9,6.242989993700452e-9,6.348194922250766e-9,6.493307048002632e-9,6.591454530378615e-9,6.762891553573248e-9,6.450306389634783e-9,6.157027295383663e-9,5.920651385570883e-9,5.617687234360623e-9,5.4041854058548285e-9,5.194684323834285e-9,5.230292441029298e-9,5.314432763358701e-9,5.171530090878712e-9,5.969835365233207e-9,6.2114665837582425e-9,6.429038759570704e-9,6.782304093778651e-9,6.7630144886819065e-9,7.1505944055693926e-9,7.583308241023668e-9,7.995982188740284e-9,8.467239934640922e-9,8.055313779358188e-9,8.143895786970494e-9,8.160212355887179e-9,8.208822838766005e-9,8.271357387255213e-9,7.899425698333436e-9,7.765330122062382e-9,7.666353964182291e-9,7.563653142266e-9,7.49191064763081e-9,6.9804778190046636e-9,6.871701834725116e-9,6.986191860516139e-9,7.119679857142124e-9,7.1851374537619375e-9,6.821845319029409e-9,6.818851847799999e-9,6.966654907285942e-9,7.082629495111525e-9,7.209837822296719e-9,6.890981723301907e-9,7.006484151761357e-9,7.029380194299708e-9,7.056873272229619e-9,7.078827672527834e-9,5.809411113126737e-9,6.795904003943411e-9,6.741660857759262e-9,6.674447439311336e-9,5.6783544816367676e-9,6.335402643188671e-9,6.3050169652729095e-9,6.24531491082185e-9,5.415950052374111e-9,6.172620165311759e-9,5.765350915424783e-9,5.198771649074036e-9,5.312226114559996e-9,5.357327550509122e-9,5.447244586606536e-9,5.2370886257647886e-9,5.4339447396440054e-9,5.586274050366828e-9,5.762269551168867e-9,5.830738233820663e-9,5.787641237426932e-9,6.086798610085991e-9,6.3963002555000765e-9,6.349309235623189e-9,6.4192832112771175e-9,6.1971592987297355e-9,6.229058009716635e-9,6.881662876446821e-9,5.989762955742805e-9,7.055763641232389e-9,6.85294058699809e-9,6.99109379254049e-9,6.116870939403332e-9,7.301635797941038e-9,7.416850954566023e-9,7.3504832328131595e-9,6.376317027735294e-9,7.483908490042641e-9,7.537893616436033e-9,7.605107272898763e-9,6.5738928941606595e-9,7.6176320681629e-9,7.62216364115669e-9,7.651787082028866e-9,7.680474347836631e-9,7.543302689828182e-9,7.581353338567976e-9,7.546300691377153e-9,7.503495235838e-9,7.474007706534026e-9,7.298838800871894e-9,7.2704744140472215e-9,7.313858051746602e-9,7.368121798764895e-9,7.440551700614454e-9,7.340360361661231e-9,7.396790009305852e-9,7.455424357964087e-9,7.51063333476706e-9,7.584329478013105e-9,7.487979117614817e-9,7.54415637429372e-9,7.525859693707732e-9,7.504687277651216e-9,7.506864298650412e-9,7.33107008420719e-9,7.318847436860416e-9,7.2975107579248475e-9,7.288109085282222e-9,7.250860867813256e-9,7.026610971159854e-9,6.980655165870021e-9,7.01161852422712e-9,7.067624951819544e-9,7.114973137325442e-9,6.988115818620721e-9,7.0457499277585985e-9,7.072064154656546e-9,7.107946742334693e-9,7.16165518820875e-9,7.059789217763833e-9,7.1036330190897775e-9,7.067346791033674e-9,7.038721520860989e-9,7.028832989268545e-9,6.8126010220533115e-9,6.756137716037684e-9,6.739922507832576e-9,6.789199214617113e-9,6.808384989542967e-9,6.653155944364115e-9,6.702315686603321e-9,5.73110274564665e-9,6.713040419545621e-9,6.697658272169495e-9,6.571414795115209e-9,5.643860996672323e-9,6.5660825291509455e-9,6.554870962517975e-9,6.539652282395849e-9,5.554557789536928e-9,6.421513262229906e-9,6.435853819507205e-9,6.471382463875838e-9,5.599710703431394e-9,6.396640511019638e-9,6.416553753411493e-9,6.430028140473771e-9,5.526929353124543e-9,6.493684520344218e-9,6.366734928637335e-9,6.413651493653682e-9,5.461545854824314e-9,6.436407690965035e-9,6.442924324233011e-9,6.350405419347464e-9,5.451495311047056e-9,6.392168466110711e-9,6.404895670812528e-9,6.415306610812149e-9,5.441750862052135e-9,6.337578030526379e-9,6.36466449711398e-9,6.406194358437384e-9,5.515678938127042e-9,6.328021442626768e-9,6.354375370960887e-9,6.367759956866537e-9,5.445999487221118e-9,6.419615650815858e-9,6.283837715402445e-9,6.336949191087363e-9,5.395142985210425e-9,6.376079537179154e-9,6.390379720336027e-9,6.296624965704443e-9,5.373889655303364e-9,6.336119835770029e-9,6.34355206455545e-9,6.3561801220382954e-9,5.398752646159401e-9,6.270146301926028e-9,6.2971704365050055e-9,6.347584657425062e-9,5.443971727110406e-9,6.2805867333288166e-9,6.30409083183553e-9,6.334999482721084e-9,5.431879336862199e-9,6.419006964049751e-9,6.287982104204298e-9,6.351013669033668e-9,5.415443143812561e-9,6.387085623432929e-9,6.3886218830519944e-9,6.2932759580985465e-9,5.4294401457695194e-9,6.329593760736093e-9,6.333249953436595e-9,6.347894381467549e-9,5.4413158310593154e-9,6.273608106083207e-9,6.301783415658208e-9,6.357110857544155e-9,5.4818723693853025e-9,6.295915767075196e-9,6.332158179308139e-9,6.37708426191951e-9,5.466761551830979e-9,6.468695627451263e-9,6.334657774453968e-9,6.416082953996851e-9,5.453924659362633e-9,6.490552531501066e-9,6.50049083878228e-9,6.393603301659108e-9,5.4818027433683126e-9,6.459270354102496e-9,6.487273434151278e-9,6.523541835398626e-9,5.518726612278975e-9,6.4401053798254e-9,6.471285153352093e-9,6.555682703947629e-9,5.665955915590101e-9,6.593253194570002e-9,6.7262335531503316e-9,6.8189702110272375e-9,5.735319964498509e-9,6.8807168039572945e-9,6.176207058814325e-9,5.180205929841206e-9,5.287738705341281e-9,5.813526096675777e-9,6.024700024989455e-9,5.478369095613029e-9,5.551953359453349e-9,5.6115130979661345e-9,5.624155500573831e-9,5.642332775727484e-9,5.7433787043251195e-9,5.837119198682686e-9,5.824500962678983e-9,5.8361188048654895e-9,5.722532116037794e-9,5.828307464669104e-9,5.841517968716493e-9,5.879900279096362e-9,5.7901549691542255e-9,5.739794127859705e-9,5.650536526156927e-9,6.491356528448845e-9,6.6098433535887395e-9,6.641827788359142e-9,6.69105551231546e-9,6.601032754787068e-9,6.726655996717727e-9,6.825179890271159e-9,6.924726663618578e-9,7.040871975166904e-9,6.955831455514333e-9,6.9616253834943134e-9,6.956276526564914e-9,6.947946300902725e-9,6.9632881250316815e-9,6.759696048227452e-9,6.733558480031416e-9,6.718543117015243e-9,6.781309390832697e-9,6.823517687779133e-9,6.5908542688470455e-9,6.596041934364315e-9,6.6409324271574675e-9,6.798094633788776e-9,6.974809986084715e-9,6.878202097262433e-9,7.068612068266697e-9,7.2093324557952815e-9,7.384654995849678e-9,7.406600857213269e-9,7.189333349455894e-9,7.183179252549381e-9,7.1320372844784266e-9,7.162136544109734e-9,7.2396065634839275e-9,6.97819902789413e-9,6.990086968133393e-9,6.9110428356104995e-9,6.8274252195329756e-9,6.724004138398072e-9,6.316600478774358e-9,6.3269666417542164e-9,6.47382996782116e-9,6.702484725133324e-9,6.9386813668220035e-9,6.808688997085714e-9,7.05710887940597e-9,7.093238546546296e-9,7.1640003216514515e-9,7.249960481854102e-9,7.093162847324735e-9,7.157294588736909e-9,7.0904185877875555e-9,7.0930317867328034e-9,7.129428166647422e-9,6.860834798345743e-9,6.862138684854075e-9,6.85229293235062e-9,6.858001266872536e-9,6.8346783421315574e-9,6.450899506938967e-9,6.371398271533199e-9,6.471658732127025e-9,6.682247681694378e-9,6.89724852266122e-9,6.615565729370439e-9,6.728594407997382e-9,6.781501643128131e-9,6.841848989588431e-9,6.915997005918283e-9,6.6395619936195155e-9,6.749887409303459e-9,6.780454375511815e-9,6.824447209988819e-9,6.898577355039771e-9,6.589543835332775e-9,6.6238034845338605e-9,6.631745436418333e-9,6.6573956423427684e-9,6.648510594856738e-9,6.258322191112314e-9,6.240191590076307e-9,6.276314022926651e-9,6.341529663238494e-9,6.406685615831737e-9,6.07090184527924e-9,6.201188250637088e-9,6.1255517766493555e-9,6.021493675872238e-9,5.5280308810494475e-9,5.417290490465823e-9,5.443623864677819e-9,5.538324167320622e-9,5.670276593369677e-9,5.891855572907707e-9,5.726059724670541e-9,5.873771052628038e-9,6.189337016992895e-9,6.202257774884061e-9,6.481921802453118e-9,6.058418462439922e-9,6.096854911264233e-9,7.4123191949995175e-9,7.0525273878179244e-9,7.143881634797789e-9,7.697512812999127e-9,6.950930340319885e-9,7.033363027601906e-9,7.158623486264759e-9,7.296666598558617e-9,7.210561830861083e-9,7.454890848498396e-9,7.545252411087522e-9,7.625940777323804e-9,7.712953976223053e-9,7.611286145488146e-9,7.681638805230493e-9,7.750500816572452e-9,7.82349169405419e-9,7.844589633085471e-9,7.657190722167775e-9,7.662955480034086e-9,7.659581290554909e-9,7.640638842727347e-9,7.64469351718788e-9,7.454126812570625e-9,7.460236261962235e-9,7.458967151801761e-9,7.473266996735531e-9,7.493592306651333e-9,7.2779052849841675e-9,7.294103891276954e-9,7.332651014006183e-9,7.383595903436709e-9,7.440183490532254e-9,7.220984879638321e-9,7.264941798529406e-9,7.30346414023918e-9,7.34979213451908e-9,7.384179551567843e-9,7.168529174209708e-9,7.214211671433045e-9,7.258993510989176e-9,7.319542406560947e-9,7.373609795249934e-9,7.213530228208209e-9,7.271447308027963e-9,7.30496004353104e-9,7.345267544995773e-9,7.390429318054247e-9,7.235820183834083e-9,7.2637119593000575e-9,7.2957660105491165e-9,7.3351404513202085e-9,7.384025161968302e-9,7.2003669479470406e-9,7.214017848121426e-9,7.238794093636645e-9,7.26640825182084e-9,7.2851315463072095e-9,7.102701624118413e-9,7.11019415707751e-9,7.126366805007167e-9,7.129690608187737e-9,7.146861177499996e-9,6.968049227203337e-9,6.982132404760107e-9,6.976239159654015e-9,6.978619640565905e-9,6.9950602210680504e-9,6.839339854858612e-9,6.83427885813735e-9,6.839799158058304e-9,6.850328398774594e-9,6.87905329022862e-9,6.649357675493741e-9,6.658515834450679e-9,6.671231666603033e-9,6.687489721702519e-9,6.699699954621911e-9,6.489003785022183e-9,6.5257321925876286e-9,6.57681626148628e-9,6.600763154447471e-9,6.641620456223215e-9,6.459229609461936e-9,6.516540606035271e-9,6.560565125647658e-9,6.6247065820730065e-9,6.690326305449195e-9,6.535154699587612e-9,6.162052208984228e-9,6.201602719122087e-9,6.243735116528373e-9,6.298716139598975e-9,6.118347314210014e-9,6.03860495165466e-9,6.053554411858575e-9,6.0836078496492555e-9,6.088039027032825e-9,5.911376401689027e-9,5.915964647927331e-9,5.929349063873501e-9,5.969560517624546e-9,6.024830777375472e-9,5.970738473332298e-9,6.0421888898315145e-9,6.46654902391006e-9,6.518690554456204e-9,6.56509221983049e-9,6.417798195322029e-9,6.445248395482734e-9,6.474899991645274e-9,6.507084404429516e-9,6.556455422753226e-9,6.377141414814747e-9,6.395557636467074e-9,6.411260186570371e-9,6.433383525972191e-9,6.4276566329995395e-9,6.222154931989666e-9,6.186765662678669e-9,6.270032839529545e-9,6.368360153848416e-9,6.46734545918949e-9,6.367250618422406e-9,6.4649933968891705e-9,6.527856551815351e-9,6.598522960565688e-9,6.678896534061329e-9,6.614116071388687e-9,6.678683336239312e-9,6.66078226557299e-9,6.667292047142674e-9,6.699355830129971e-9,6.519557010282443e-9,6.526197626586937e-9,6.531196804419271e-9,6.5495675406266435e-9,6.539298666095436e-9,6.338646458662067e-9,6.310955719634297e-9,6.3840329897730136e-9,6.4828951823140486e-9,6.585940623090516e-9,6.489532220540984e-9,6.596576779661781e-9,6.664664030528134e-9,6.746735517181386e-9,6.8496691054865936e-9,6.79608472637482e-9,6.884842855758294e-9,6.88054715997546e-9,6.899933190807281e-9,6.934423387622348e-9,6.745529996544382e-9,6.751146512278599e-9,6.7598940374536015e-9,6.7833364078313655e-9,6.7785073621391385e-9,6.514529547400604e-9,6.496699662170439e-9,6.5820575928085984e-9,6.837725438283446e-9,6.8646396581097704e-9,6.172171040487656e-9,6.366199926294465e-9,6.5396806757568534e-9,6.66446478573202e-9,5.503763782842226e-9,5.375798255223926e-9,5.428005949029702e-9,5.397286154466024e-9,5.438343227309628e-9,5.50740580643159e-9,5.674656646325803e-9,5.700227576041446e-9,5.743111462675834e-9,5.8276129051151526e-9,6.876185428935505e-9,6.742438327066758e-9,6.853308107164808e-9,6.9424265267603124e-9,6.9825246525446295e-9,7.044041998043235e-9,6.919279273410084e-9,7.00956105744306e-9,7.087514489579411e-9,7.169860301840668e-9,7.251978793796593e-9,6.128401976283987e-9,7.1623621880705645e-9,7.186544183296441e-9,7.2520415027093815e-9,6.157000559942831e-9,7.058466742528928e-9,7.06673711456828e-9,7.055200131587075e-9,5.941331481900585e-9,7.14447136738553e-9,6.809085660310838e-9,6.845988369611428e-9,5.8278536921136326e-9,6.977296293794493e-9,6.985513189256711e-9,6.775066568471315e-9,5.921729017828576e-9,7.008793338093357e-9,7.066525520059739e-9,7.171433877339876e-9,6.016758890225219e-9,7.111423791627279e-9,7.20862560204399e-9,7.38813031315536e-9,6.335137124204796e-9,7.351436798881077e-9,7.472791056085158e-9,7.564316439211765e-9,6.465873622658031e-9,7.7698356065087e-9,7.404540036923089e-9,7.530345581142649e-9,6.4711349952803975e-9,7.708191704847513e-9,7.686934556541051e-9,7.3462686690307265e-9,6.554557060643545e-9,7.365055509511553e-9,7.3131818338298994e-9,7.4163711093432755e-9,6.210017448523093e-9,7.319639622896807e-9,7.3883458247653036e-9,7.493909729642883e-9,6.43986709127683e-9,7.564922087474893e-9,7.775450433708573e-9,7.929095502594088e-9,6.8897429931287545e-9,8.386452920023452e-9,8.180939612116847e-9,8.003247197510105e-9,6.6848653214683644e-9,7.85665935698022e-9,7.741832270448377e-9,7.334389052383151e-9,6.476047416630655e-9,7.385532905113267e-9,7.4321203118599885e-9,7.494393722241474e-9,6.25964675405838e-9,7.350759990580557e-9,7.28467010111283e-9,7.224389921001945e-9,6.057396008269855e-9,6.808302869780016e-9,6.670244982459056e-9,6.637179870979992e-9,5.660819388092784e-9,6.754950608661748e-9,6.483734486888597e-9,6.561712630845402e-9,5.702580494432636e-9,6.684899757907071e-9,6.725190712571235e-9,6.408765416059061e-9,5.740987153776561e-9,6.364070279422839e-9,6.309003552910502e-9,6.290363562650897e-9,5.22320087026321e-9,6.08835788642357e-9,6.152571879377206e-9,6.226789815721118e-9,5.442214265551538e-9,6.099555057971865e-9,6.10951778418319e-9,6.0912246044012545e-9,5.415227109029438e-9,6.004317610365962e-9,5.7101430960009346e-9,5.697937708574653e-9,5.271088816076723e-9,5.734378948996666e-9,5.743708052589367e-9,5.017818512708442e-9,5.066889335663523e-9,5.10437029107464e-9,5.176991553491216e-9,5.338977840770745e-9,5.147503890202901e-9,5.303406329724621e-9,5.289866622785747e-9,5.867572640641395e-9,5.798419830966318e-9,6.967344118982742e-9,7.096384878212526e-9,7.2192558020949545e-9,6.277420503345026e-9,7.464327599460362e-9,7.394084448073038e-9,7.495631631931456e-9,7.622922186641873e-9,7.70231625206811e-9,7.800373123119126e-9,7.757608299219504e-9,7.880709351903083e-9,7.948654989252751e-9,7.988013150783095e-9,8.051856370074666e-9,7.94100445760016e-9,7.990286541631093e-9,7.955770969556236e-9,7.92647894854933e-9,7.912429776366682e-9,7.715966199101194e-9,7.702185418674418e-9,7.683078288336848e-9,7.288251794492851e-9,7.2944647653921346e-9,7.080865105877003e-9,7.094176398380416e-9,7.1049983272995005e-9,7.487133279524215e-9,7.514785750720486e-9,7.275404592388867e-9,7.3014869427988775e-9,7.311107675980498e-9,7.338248019297929e-9,7.366483441383593e-9,7.148401773023679e-9,7.187548581984765e-9,7.2325099210753314e-9,7.282371009524458e-9,7.345777765283778e-9,7.1461569785721e-9,7.2046800074054994e-9,7.260870500085054e-9,7.32061659738802e-9,7.359487858108033e-9,7.194467853927297e-9,7.244986081393795e-9,7.2949506628480755e-9,7.329240409307388e-9,7.3737216677041816e-9,7.204148813057942e-9,7.254737420625092e-9,7.268755591587979e-9,7.2925874554943e-9,7.31883423367299e-9,7.147517749501314e-9,7.146201268009393e-9,7.137931261504302e-9,7.126156844826713e-9,7.113513403113255e-9,6.901891622069005e-9,6.889816831673181e-9,6.872469424305767e-9,6.8735375857979895e-9,6.841695889560972e-9,6.614817805581123e-9,6.566413074481971e-9,6.6020519520009095e-9,6.659184278599434e-9,6.701399684881972e-9,6.577647732306538e-9,5.70360349714674e-9,6.671003378416557e-9,6.720419463726378e-9,6.791971164582548e-9,6.726384854140505e-9,6.794167930839194e-9,6.7770549783422735e-9,6.774222023930973e-9,6.802170306953937e-9,6.643824808952179e-9,6.6492540029849015e-9,6.644575815895089e-9,6.629289575708183e-9,6.617323672522535e-9,6.412085215524831e-9,6.3753960830418476e-9,6.44040627554854e-9,6.532791498204716e-9,6.620632003608195e-9,6.520939871912338e-9,6.601673340498181e-9,6.6470547322035185e-9,6.702574414997682e-9,6.769522539055957e-9,6.6818873201682535e-9,6.732073342202448e-9,6.70750827074044e-9,6.7000488968007494e-9,6.7215582596382386e-9,6.551249794690629e-9,6.553937015951983e-9,6.552638142054785e-9,6.563542320467021e-9,6.5521165882994695e-9,6.354157697868532e-9,6.321803839692512e-9,6.392111490333843e-9,6.483910647078943e-9,6.57453215720677e-9,6.477812703265686e-9,6.5718845428386024e-9,6.633942906002903e-9,6.711915854653235e-9,6.795158931501326e-9,6.727118939104005e-9,6.7994004826374596e-9,6.798004963710095e-9,6.8109556051765174e-9,6.856196779437291e-9,6.6916288624531525e-9,6.6946728182856625e-9,6.706085665588729e-9,6.732169719044955e-9,6.736657358152573e-9,6.589304841119886e-9,6.216909882350101e-9,6.112122972974054e-9,6.070500899548505e-9,6.043321701196057e-9,5.843734831914821e-9,5.839877885523622e-9,5.870613434843666e-9,5.91749232413926e-9,5.971980116627835e-9,5.850783251513191e-9,5.87855101272688e-9,5.926496289117563e-9,5.987050383130879e-9,6.0568521758900824e-9,5.8904061577857975e-9,5.936728236497961e-9,5.996174163648882e-9,6.081159017113827e-9,6.137911145444027e-9,5.99205279182332e-9,6.056016841475465e-9,6.135997800697256e-9,6.339905795420644e-9,6.42378143683846e-9,6.617502266993398e-9,6.699667658052361e-9,6.736100943851958e-9,6.783459171855414e-9,6.820926542382718e-9,6.574914597797612e-9,6.5778556075780395e-9,6.586424081556653e-9,6.68550717837548e-9,6.790297141227097e-9,6.6643025315150335e-9,6.773556762041826e-9,6.236154289525758e-9,6.916500254253557e-9,7.178530428524442e-9,7.01676264829428e-9,6.5922267467154816e-9,6.734017988651681e-9,6.7152452151272736e-9,6.709666874254291e-9,6.937263100949639e-9,6.925383647047655e-9,6.836263731068026e-9,6.779909545461346e-9,6.987024505713194e-9,6.8076898704366866e-9,6.976130412173931e-9,7.168978101747959e-9,7.371023468186929e-9,7.62852903804037e-9,7.216705366425071e-9,7.2475834946452324e-9,7.2585872270298055e-9,7.274468994095593e-9,7.229636568158065e-9,6.957596551367463e-9,7.041564305500517e-9,7.200028869211056e-9,7.280045631113169e-9,7.439589217696426e-9,7.298140780234874e-9,7.558066910589939e-9,7.856592007126936e-9,8.166456482093274e-9,8.47942567048136e-9,8.356520384239874e-9,8.626288716524455e-9,8.792717360197893e-9,9.021423150115667e-9,7.740832425687982e-9,9.158621458876725e-9,9.419471720546853e-9,9.7000842476966e-9,8.398670249490936e-9,1.0158457289568353e-8,9.94806107864579e-9,1.0072736934411614e-8,1.0141953260974864e-8,1.013316262924381e-8,1.0172337626118051e-8,9.840694487786924e-9,9.96620643390067e-9,1.003542225308213e-8,1.014337227430196e-8,9.379437278078678e-9,9.478172494428681e-9,8.689786610510054e-9,8.908195287604143e-9,8.550494978188784e-9,8.260383048146754e-9,7.485045399396186e-9,7.1684073693240095e-9,7.316436757037302e-9,7.560501748303332e-9,7.728679437077143e-9,7.489435841985493e-9,7.714621054618724e-9,6.7612891559700045e-9,8.033473887922708e-9,8.160638012356234e-9,7.94090361405525e-9,6.984428981955969e-9,8.283777615518595e-9,8.407812574674893e-9,8.607213438166879e-9,7.214526016241491e-9,8.624661633773158e-9,8.773805688173603e-9,8.95648950680364e-9,7.529856963864677e-9,8.616655849597e-9,8.504436952188653e-9,8.419500062711919e-9,6.957400655758967e-9,8.301035318519847e-9,7.66962825647283e-9,7.707816392393594e-9,6.587491461359842e-9,7.872331551591077e-9,7.905531548522823e-9,7.552421712959583e-9,6.523057581110674e-9,7.639283177706625e-9,7.54933585527357e-9,7.478490942271782e-9,6.09684585876643e-9,7.078588594447149e-9,7.0275729727851256e-9,7.15785336541471e-9,6.1243783160498505e-9,7.153740229976366e-9,7.32576894715457e-9,7.381075941245584e-9,7.429230341359307e-9,7.340972426321374e-9,6.904819645987528e-9,6.853725010385737e-9,6.827929033459943e-9,6.74297933241867e-9,6.019811634252877e-9,5.803746074323199e-9,5.642221657798578e-9,5.595258485191935e-9,5.560512519105709e-9,5.53900033287262e-9,5.470282260542834e-9,5.4351910411193336e-9,5.525102121501074e-9,5.661503039135283e-9,5.929498135662433e-9,5.870096878948894e-9,5.741872629290942e-9,5.8228642910967805e-9,5.784484887661243e-9,5.51616707995678e-9,5.5802678828590165e-9,5.6054898729896085e-9,6.339580687635406e-9,6.4320475273367554e-9,6.790218520264014e-9,6.033171303139996e-9,6.261022292639907e-9,6.352954141252906e-9,6.3924060219702684e-9,6.4408364797189e-9,6.400073386876149e-9,6.447470019971408e-9,6.491359732137853e-9,6.549206134355738e-9,6.600299580974028e-9,6.548777088111545e-9,6.613395045066583e-9,6.656553411596091e-9,6.697486173395095e-9,6.732810636771228e-9,6.6639975232333546e-9,6.7379646492881e-9,6.810975008041353e-9,7.000110293939554e-9,7.075271718270879e-9,7.27692179311271e-9,7.3577804020402525e-9,7.372090680240846e-9,7.401322333036533e-9,7.433168780151944e-9,7.233184682638641e-9,7.256480055988902e-9,7.282276293203048e-9,7.319603759309215e-9,7.3756657534411155e-9,7.175638047393516e-9,7.226191777418503e-9,6.881828423922386e-9,6.908773194538579e-9,7.346436375881915e-9,7.193164616974401e-9,7.2633444418592756e-9,7.315083043712751e-9,7.3535557807623414e-9,7.407008665106646e-9,7.260307900674879e-9,7.311096440649891e-9,7.335443085489894e-9,7.371157714082453e-9,7.416271740585665e-9,7.285418207445785e-9,7.269107876597936e-9,7.2675123922054715e-9,7.276208301293742e-9,7.2970188482899755e-9,7.117281831001299e-9,7.11644793497425e-9,7.1166932333806056e-9,7.127571533659968e-9,6.7392156020554736e-9,6.4468471036429736e-9,6.392406580053621e-9,6.351306803925101e-9,6.359691277691471e-9,6.3756388959280225e-9,6.260191982933518e-9,6.2937659748938225e-9,6.290677310592661e-9,6.293098591144933e-9,6.309288096383123e-9,6.183449438849706e-9,6.187471497710754e-9,6.191079460874608e-9,6.1928466074025406e-9,6.1981502709376646e-9,6.029909037115772e-9,6.027559931962341e-9,6.024572175488859e-9,6.045315796757495e-9,6.03471057295124e-9,5.8514276221732045e-9,5.824807104583463e-9,5.84715695615413e-9,5.883578707371031e-9,5.912769692840354e-9,5.714564449081377e-9
